name	taxonomy_id	taxonomy_lvl	14_family.bracken_num	14_family.bracken_frac	17_family.bracken_num	17_family.bracken_frac	19_family.bracken_num	19_family.bracken_frac	20_family.bracken_num	20_family.bracken_frac	2126_family.bracken_num	2126_family.bracken_frac	22a_family.bracken_num	22a_family.bracken_frac	22b_family.bracken_num	22b_family.bracken_frac	25_family.bracken_num	25_family.bracken_frac	2621_family.bracken_num	2621_family.bracken_frac	27_family.bracken_num	27_family.bracken_frac	Stan_family.bracken_num	Stan_family.bracken_frac
Lachnospiraceae	186803	F	6785737	0.27505	3875991	0.17888	4456319	0.20776	7913014	0.23179	2436430	0.27774	1795953	0.21152	4524806	0.22086	4874984	0.32809	3612171	0.24388	2760450	0.21334	2050382	0.20202
Ruminococcaceae	541000	F	5329997	0.21604	4284877	0.19776	5177811	0.24140	6012651	0.17612	2835533	0.32323	2743585	0.32312	6300245	0.30752	1969879	0.13257	3517938	0.23752	2553486	0.19734	1773819	0.17477
Clostridiales Family XIII. Incertae Sedis	543314	F	7916	0.00032	59774	0.00276	5025	0.00023	15689	0.00046	4331	0.00049	3088	0.00036	7314	0.00036	9863	0.00066	6664	0.00045	5628	0.00043	3816	0.00038
Clostridiales Family XVII. Incertae Sedis	539000	F	425	0.00002	4433	0.00020	1036	0.00005	1366	0.00004	362	0.00004	215	0.00003	444	0.00002	276	0.00002	1156	0.00008	629	0.00005	436	0.00004
Clostridiales Family XVI. Incertae Sedis	543347	F	202	0.00001	919	0.00004	255	0.00001	374	0.00001	108	0.00001	61	0.00001	145	0.00001	308	0.00002	231	0.00002	196	0.00002	161	0.00002
Peptostreptococcaceae	186804	F	347364	0.01408	296035	0.01366	148495	0.00692	332958	0.00975	121222	0.01382	79638	0.00938	198563	0.00969	210731	0.01418	362200	0.02445	114379	0.00884	95175	0.00938
Oscillospiraceae	216572	F	170982	0.00693	1091672	0.05038	514016	0.02396	212883	0.00624	160906	0.01834	53658	0.00632	125521	0.00613	258078	0.01737	236271	0.01595	387173	0.02992	250484	0.02468
Clostridiaceae	31979	F	118005	0.00478	155131	0.00716	71718	0.00334	420084	0.01231	52635	0.00600	56553	0.00666	140795	0.00687	114674	0.00772	102096	0.00689	69386	0.00536	48695	0.00480
Eubacteriaceae	186806	F	119202	0.00483	121854	0.00562	74913	0.00349	96364	0.00282	44474	0.00507	33421	0.00394	81801	0.00399	151288	0.01018	112151	0.00757	37808	0.00292	50314	0.00496
Christensenellaceae	990719	F	17912	0.00073	83087	0.00383	44640	0.00208	42037	0.00123	34884	0.00398	10492	0.00124	26169	0.00128	47216	0.00318	53407	0.00361	32167	0.00249	28474	0.00281
Hungateiclostridiaceae	2304686	F	17044	0.00069	45823	0.00211	9125	0.00043	14349	0.00042	6177	0.00070	5278	0.00062	12998	0.00063	21980	0.00148	11517	0.00078	11482	0.00089	6382	0.00063
Peptococcaceae	186807	F	10274	0.00042	25435	0.00117	7918	0.00037	13235	0.00039	4817	0.00055	4395	0.00052	10118	0.00049	9312	0.00063	10852	0.00073	11532	0.00089	5108	0.00050
Vallitaleaceae	2603322	F	2195	0.00009	2200	0.00010	1325	0.00006	2448	0.00007	760	0.00009	1838	0.00022	3936	0.00019	2422	0.00016	1768	0.00012	1024	0.00008	685	0.00007
Syntrophomonadaceae	68298	F	593	0.00002	1712	0.00008	430	0.00002	1044	0.00003	215	0.00002	238	0.00003	593	0.00003	500	0.00003	734	0.00005	381	0.00003	366	0.00004
Heliobacteriaceae	31984	F	599	0.00002	3646	0.00017	1093	0.00005	1044	0.00003	361	0.00004	454	0.00005	1181	0.00006	850	0.00006	1231	0.00008	884	0.00007	553	0.00005
Symbiobacteriaceae	543349	F	280	0.00001	2623	0.00012	553	0.00003	735	0.00002	262	0.00003	174	0.00002	344	0.00002	201	0.00001	552	0.00004	662	0.00005	328	0.00003
Thermoanaerobacterales Family III. Incertae Sedis	543371	F	4984	0.00020	7742	0.00036	2501	0.00012	5401	0.00016	1914	0.00022	2127	0.00025	5190	0.00025	4118	0.00028	3875	0.00026	3735	0.00029	2252	0.00022
Thermoanaerobacteraceae	186814	F	2823	0.00011	8123	0.00037	2230	0.00010	4135	0.00012	1088	0.00012	863	0.00010	2304	0.00011	2320	0.00016	2822	0.00019	2215	0.00017	1254	0.00012
Thermoanaerobacterales Family IV. Incertae Sedis	543372	F	482	0.00002	2048	0.00009	417	0.00002	686	0.00002	209	0.00002	277	0.00003	675	0.00003	469	0.00003	599	0.00004	503	0.00004	289	0.00003
Thermodesulfobiaceae	227387	F	91	0.00000	319	0.00001	65	0.00000	117	0.00000	40	0.00000	32	0.00000	90	0.00000	45	0.00000	82	0.00001	71	0.00001	49	0.00000
Halanaerobiaceae	972	F	1761	0.00007	1801	0.00008	837	0.00004	2315	0.00007	589	0.00007	344	0.00004	868	0.00004	1786	0.00012	1108	0.00007	1089	0.00008	725	0.00007
Halobacteroidaceae	53434	F	449	0.00002	1462	0.00007	149	0.00001	588	0.00002	128	0.00001	427	0.00005	1027	0.00005	413	0.00003	704	0.00005	223	0.00002	179	0.00002
Tepidanaerobacteraceae	2770092	F	527	0.00002	1930	0.00009	507	0.00002	843	0.00002	371	0.00004	331	0.00004	750	0.00004	769	0.00005	565	0.00004	739	0.00006	394	0.00004
Thermosediminibacteraceae	2770093	F	148	0.00001	1334	0.00006	185	0.00001	93	0.00000	115	0.00001	52	0.00001	122	0.00001	116	0.00001	187	0.00001	161	0.00001	122	0.00001
Natranaerobiaceae	485255	F	148	0.00001	192	0.00001	56	0.00000	272	0.00001	49	0.00001	44	0.00001	115	0.00001	41	0.00000	94	0.00001	99	0.00001	55	0.00001
Erysipelotrichaceae	128827	F	979224	0.03969	407215	0.01879	225410	0.01051	824879	0.02416	173236	0.01975	134434	0.01583	363431	0.01774	363075	0.02443	297945	0.02012	355022	0.02744	191810	0.01890
Streptococcaceae	1300	F	194781	0.00790	64862	0.00299	71095	0.00331	201500	0.00590	132913	0.01515	53630	0.00632	134029	0.00654	73366	0.00494	121604	0.00821	103755	0.00802	33540	0.00330
Enterococcaceae	81852	F	43882	0.00178	67932	0.00314	20448	0.00095	38219	0.00112	9516	0.00108	11196	0.00132	28690	0.00140	27539	0.00185	104630	0.00706	14557	0.00113	13764	0.00136
Lactobacillaceae	33958	F	22925	0.00093	36857	0.00170	19486	0.00091	32165	0.00094	60781	0.00693	8757	0.00103	21548	0.00105	24468	0.00165	19870	0.00134	15411	0.00119	11146	0.00110
Leuconostocaceae	81850	F	2918	0.00012	5187	0.00024	12610	0.00059	21038	0.00062	1233	0.00014	1377	0.00016	3559	0.00017	2555	0.00017	4237	0.00029	1944	0.00015	1099	0.00011
Carnobacteriaceae	186828	F	2094	0.00008	3856	0.00018	1329	0.00006	3554	0.00010	900	0.00010	885	0.00010	2208	0.00011	2725	0.00018	1966	0.00013	1678	0.00013	1063	0.00010
Aerococcaceae	186827	F	1429	0.00006	2223	0.00010	884	0.00004	2392	0.00007	525	0.00006	445	0.00005	1183	0.00006	1203	0.00008	1482	0.00010	902	0.00007	663	0.00007
Bacillaceae	186817	F	52330	0.00212	78413	0.00362	30366	0.00142	72755	0.00213	20750	0.00237	21146	0.00249	51809	0.00253	49184	0.00331	45664	0.00308	35990	0.00278	22577	0.00222
Paenibacillaceae	186822	F	87202	0.00353	188472	0.00870	63158	0.00294	126892	0.00372	31561	0.00360	30346	0.00357	72797	0.00355	106212	0.00715	84865	0.00573	55884	0.00432	40155	0.00396
Staphylococcaceae	90964	F	8798	0.00036	15518	0.00072	4744	0.00022	11113	0.00033	3051	0.00035	3633	0.00043	9760	0.00048	8396	0.00057	7809	0.00053	6114	0.00047	3931	0.00039
Planococcaceae	186818	F	11750	0.00048	11132	0.00051	4664	0.00022	16954	0.00050	3193	0.00036	4723	0.00056	8284	0.00040	8112	0.00055	10245	0.00069	5232	0.00040	5117	0.00050
Listeriaceae	186820	F	3159	0.00013	4392	0.00020	1663	0.00008	3941	0.00012	2694	0.00031	1214	0.00014	6579	0.00032	6194	0.00042	2456	0.00017	4639	0.00036	1770	0.00017
Alicyclobacillaceae	186823	F	1287	0.00005	9676	0.00045	3599	0.00017	2264	0.00007	695	0.00008	529	0.00006	1458	0.00007	1330	0.00009	1986	0.00013	1296	0.00010	805	0.00008
Thermoactinomycetaceae	186824	F	1009	0.00004	3341	0.00015	1213	0.00006	1310	0.00004	627	0.00007	445	0.00005	1038	0.00005	1069	0.00007	1290	0.00009	1119	0.00009	670	0.00007
Sporolactobacillaceae	186821	F	214	0.00001	463	0.00002	198	0.00001	398	0.00001	92	0.00001	63	0.00001	217	0.00001	193	0.00001	292	0.00002	305	0.00002	105	0.00001
Acidaminococcaceae	909930	F	286965	0.01163	437883	0.02021	187601	0.00875	324489	0.00950	87474	0.00997	85322	0.01005	219249	0.01070	363176	0.02444	16528	0.00112	55608	0.00430	69654	0.00686
Selenomonadaceae	1843491	F	6264	0.00025	19959	0.00092	6647	0.00031	10610	0.00031	3254	0.00037	2788	0.00033	6820	0.00033	127454	0.00858	8424	0.00057	5881	0.00045	155330	0.01530
Sporomusaceae	1843490	F	1199	0.00005	3793	0.00018	920	0.00004	1832	0.00005	539	0.00006	445	0.00005	1113	0.00005	1583	0.00011	1329	0.00009	1278	0.00010	648	0.00006
Veillonellaceae	31977	F	6991	0.00028	13520	0.00062	5319	0.00025	19085	0.00056	2365	0.00027	2907	0.00034	7364	0.00036	6256	0.00042	12333	0.00083	9658	0.00075	4320	0.00043
Peptoniphilaceae	1570339	F	6512	0.00026	11375	0.00052	4436	0.00021	8262	0.00024	2796	0.00032	2321	0.00027	5844	0.00029	5876	0.00040	5388	0.00036	4686	0.00036	3247	0.00032
Tissierellaceae	1737406	F	1064	0.00004	3382	0.00016	912	0.00004	1515	0.00004	886	0.00010	573	0.00007	1407	0.00007	1153	0.00008	1516	0.00010	1048	0.00008	724	0.00007
Gottschalkiaceae	2042895	F	1391	0.00006	4123	0.00019	999	0.00005	1761	0.00005	546	0.00006	572	0.00007	1436	0.00007	936	0.00006	1429	0.00010	1391	0.00011	695	0.00007
Limnochordaceae	1676650	F	509	0.00002	1716	0.00008	538	0.00003	711	0.00002	201	0.00002	68	0.00001	173	0.00001	307	0.00002	537	0.00004	426	0.00003	267	0.00003
Bifidobacteriaceae	31953	F	1183547	0.04797	43558	0.00201	1937870	0.09035	2754503	0.08069	562220	0.06409	13367	0.00157	33323	0.00163	437805	0.02946	401957	0.02714	1810328	0.13991	123260	0.01214
Actinomycetaceae	2049	F	31906	0.00129	22187	0.00102	20789	0.00097	22321	0.00065	7742	0.00088	6782	0.00080	15123	0.00074	6184	0.00042	10278	0.00069	7814	0.00060	4015	0.00040
Micrococcaceae	1268	F	8481	0.00034	22662	0.00105	8440	0.00039	10464	0.00031	3500	0.00040	4162	0.00049	9544	0.00047	6859	0.00046	14639	0.00099	6949	0.00054	3681	0.00036
Microbacteriaceae	85023	F	5482	0.00022	35837	0.00165	11233	0.00052	12875	0.00038	3954	0.00045	2757	0.00032	6707	0.00033	4176	0.00028	10668	0.00072	8399	0.00065	4978	0.00049
Brevibacteriaceae	85019	F	988	0.00004	3773	0.00017	1102	0.00005	2129	0.00006	414	0.00005	392	0.00005	958	0.00005	686	0.00005	1416	0.00010	887	0.00007	566	0.00006
Intrasporangiaceae	85021	F	541	0.00002	5554	0.00026	1582	0.00007	1961	0.00006	488	0.00006	313	0.00004	747	0.00004	382	0.00003	1578	0.00011	1002	0.00008	724	0.00007
Cellulomonadaceae	85016	F	466	0.00002	4672	0.00022	1289	0.00006	1369	0.00004	408	0.00005	339	0.00004	733	0.00004	283	0.00002	1171	0.00008	958	0.00007	579	0.00006
Dermabacteraceae	85020	F	366	0.00001	4626	0.00021	1086	0.00005	1402	0.00004	439	0.00005	188	0.00002	530	0.00003	315	0.00002	1252	0.00008	834	0.00006	664	0.00007
Dermacoccaceae	145357	F	305	0.00001	1833	0.00008	430	0.00002	579	0.00002	137	0.00002	109	0.00001	202	0.00001	222	0.00001	442	0.00003	268	0.00002	179	0.00002
Ruaniaceae	1331736	F	235	0.00001	1066	0.00005	291	0.00001	492	0.00001	117	0.00001	106	0.00001	240	0.00001	183	0.00001	445	0.00003	245	0.00002	169	0.00002
Promicromonosporaceae	85017	F	243	0.00001	2380	0.00011	684	0.00003	980	0.00003	270	0.00003	121	0.00001	328	0.00002	202	0.00001	626	0.00004	555	0.00004	366	0.00004
Dermatophilaceae	85018	F	139	0.00001	1501	0.00007	221	0.00001	417	0.00001	62	0.00001	58	0.00001	140	0.00001	102	0.00001	235	0.00002	202	0.00002	133	0.00001
Bogoriellaceae	145358	F	228	0.00001	919	0.00004	243	0.00001	379	0.00001	78	0.00001	73	0.00001	188	0.00001	141	0.00001	305	0.00002	259	0.00002	179	0.00002
Beutenbergiaceae	125316	F	132	0.00001	1277	0.00006	516	0.00002	368	0.00001	104	0.00001	108	0.00001	298	0.00001	112	0.00001	216	0.00001	314	0.00002	177	0.00002
Sanguibacteraceae	145360	F	56	0.00000	582	0.00003	230	0.00001	285	0.00001	90	0.00001	89	0.00001	248	0.00001	21	0.00000	301	0.00002	167	0.00001	137	0.00001
Jonesiaceae	85022	F	35	0.00000	173	0.00001	61	0.00000	81	0.00000	26	0.00000	73	0.00001	205	0.00001	51	0.00000	50	0.00000	80	0.00001	18	0.00000
Corynebacteriaceae	1653	F	5380	0.00022	30441	0.00140	8731	0.00041	12025	0.00035	3368	0.00038	2866	0.00034	7326	0.00036	5064	0.00034	9783	0.00066	6237	0.00048	4221	0.00042
Mycobacteriaceae	1762	F	3735	0.00015	25414	0.00117	11175	0.00052	11251	0.00033	2396	0.00027	1925	0.00023	4536	0.00022	3056	0.00021	8078	0.00055	5548	0.00043	3702	0.00036
Nocardiaceae	85025	F	2524	0.00010	14995	0.00069	4398	0.00021	6682	0.00020	1566	0.00018	1117	0.00013	2759	0.00013	1779	0.00012	5373	0.00036	3358	0.00026	2285	0.00023
Gordoniaceae	85026	F	498	0.00002	6083	0.00028	1204	0.00006	1455	0.00004	309	0.00004	425	0.00005	703	0.00003	621	0.00004	1343	0.00009	822	0.00006	568	0.00006
Dietziaceae	85029	F	270	0.00001	1284	0.00006	678	0.00003	230	0.00001	65	0.00001	81	0.00001	448	0.00002	222	0.00001	348	0.00002	503	0.00004	166	0.00002
Tsukamurellaceae	85028	F	91	0.00000	1112	0.00005	263	0.00001	744	0.00002	194	0.00002	57	0.00001	169	0.00001	89	0.00001	724	0.00005	171	0.00001	134	0.00001
Segniliparaceae	316606	F	20	0.00000	287	0.00001	81	0.00000	55	0.00000	16	0.00000	14	0.00000	57	0.00000	20	0.00000	79	0.00001	67	0.00001	46	0.00000
Streptomycetaceae	2062	F	8971	0.00036	72138	0.00333	20777	0.00097	24571	0.00072	6848	0.00078	4696	0.00055	11598	0.00057	6512	0.00044	20861	0.00141	14547	0.00112	9518	0.00094
Propionibacteriaceae	31957	F	2483	0.00010	15264	0.00070	4232	0.00020	5363	0.00016	1326	0.00015	1024	0.00012	2353	0.00011	1718	0.00012	4770	0.00032	2727	0.00021	2024	0.00020
Nocardioidaceae	85015	F	1718	0.00007	14584	0.00067	3843	0.00018	5065	0.00015	1228	0.00014	932	0.00011	2419	0.00012	1337	0.00009	4163	0.00028	3138	0.00024	1909	0.00019
Pseudonocardiaceae	2070	F	2007	0.00008	16589	0.00077	4963	0.00023	6391	0.00019	1740	0.00020	1152	0.00014	2874	0.00014	1516	0.00010	5151	0.00035	3580	0.00028	2264	0.00022
Micromonosporaceae	28056	F	1938	0.00008	15681	0.00072	4285	0.00020	5501	0.00016	1549	0.00018	930	0.00011	2312	0.00011	1268	0.00009	4683	0.00032	3083	0.00024	2097	0.00021
Streptosporangiaceae	2004	F	372	0.00002	3367	0.00016	826	0.00004	1258	0.00004	338	0.00004	172	0.00002	497	0.00002	337	0.00002	835	0.00006	659	0.00005	418	0.00004
Thermomonosporaceae	2012	F	375	0.00002	4100	0.00019	1048	0.00005	837	0.00002	337	0.00004	192	0.00002	483	0.00002	302	0.00002	862	0.00006	839	0.00006	427	0.00004
Nocardiopsaceae	83676	F	306	0.00001	3558	0.00016	758	0.00004	813	0.00002	190	0.00002	171	0.00002	453	0.00002	220	0.00001	668	0.00005	532	0.00004	283	0.00003
Candidatus Nanopelagicaceae	2162846	F	546	0.00002	994	0.00005	415	0.00002	681	0.00002	309	0.00004	361	0.00004	913	0.00004	464	0.00003	550	0.00004	484	0.00004	324	0.00003
Frankiaceae	74712	F	347	0.00001	2726	0.00013	949	0.00004	987	0.00003	344	0.00004	210	0.00002	506	0.00002	256	0.00002	785	0.00005	530	0.00004	380	0.00004
Nakamurellaceae	85031	F	250	0.00001	1219	0.00006	282	0.00001	336	0.00001	109	0.00001	103	0.00001	239	0.00001	133	0.00001	345	0.00002	323	0.00002	191	0.00002
Glycomycetaceae	85034	F	123	0.00000	733	0.00003	140	0.00001	99	0.00000	40	0.00000	28	0.00000	80	0.00000	102	0.00001	177	0.00001	74	0.00001	72	0.00001
Geodermatophilaceae	85030	F	91	0.00000	1346	0.00006	256	0.00001	357	0.00001	111	0.00001	68	0.00001	157	0.00001	76	0.00001	266	0.00002	246	0.00002	189	0.00002
Catenulisporaceae	414877	F	90	0.00000	1100	0.00005	217	0.00001	261	0.00001	93	0.00001	65	0.00001	118	0.00001	87	0.00001	293	0.00002	129	0.00001	89	0.00001
Jiangellaceae	1217100	F	71	0.00000	1469	0.00007	371	0.00002	294	0.00001	85	0.00001	71	0.00001	179	0.00001	70	0.00000	375	0.00003	267	0.00002	111	0.00001
Kineosporiaceae	83778	F	64	0.00000	377	0.00002	170	0.00001	319	0.00001	66	0.00001	39	0.00000	74	0.00000	16	0.00000	197	0.00001	109	0.00001	59	0.00001
Acidothermaceae	85032	F	60	0.00000	212	0.00001	122	0.00001	126	0.00000	50	0.00001	30	0.00000	46	0.00000	65	0.00000	160	0.00001	43	0.00000	26	0.00000
Actinopolysporaceae	622451	F	58	0.00000	324	0.00001	113	0.00001	32	0.00000	21	0.00000	20	0.00000	54	0.00000	20	0.00000	125	0.00001	38	0.00000	89	0.00001
Sporichthyaceae	85033	F	22	0.00000	299	0.00001	146	0.00001	116	0.00000	37	0.00000	12	0.00000	92	0.00000	28	0.00000	116	0.00001	71	0.00001	66	0.00001
Eggerthellaceae	1643826	F	549236	0.02226	503186	0.02322	173859	0.00811	488450	0.01431	138755	0.01582	78519	0.00925	207749	0.01014	261493	0.01760	119776	0.00809	94709	0.00732	60078	0.00592
Coriobacteriaceae	84107	F	7981	0.00032	415354	0.01917	1301152	0.06066	1461358	0.04281	625938	0.07135	10271	0.00121	25979	0.00127	589363	0.03966	775581	0.05236	585119	0.04522	116238	0.01145
Atopobiaceae	1643824	F	4937	0.00020	33937	0.00157	14627	0.00068	32818	0.00096	7091	0.00081	2264	0.00027	5322	0.00026	5358	0.00036	15706	0.00106	9477	0.00073	6001	0.00059
Rubrobacteraceae	84997	F	312	0.00001	2922	0.00013	626	0.00003	766	0.00002	294	0.00003	160	0.00002	378	0.00002	309	0.00002	632	0.00004	638	0.00005	360	0.00004
Baekduiaceae	2600303	F	75	0.00000	817	0.00004	269	0.00001	142	0.00000	36	0.00000	39	0.00000	101	0.00000	24	0.00000	168	0.00001	137	0.00001	74	0.00001
Conexibacteraceae	320583	F	168	0.00001	1102	0.00005	240	0.00001	461	0.00001	101	0.00001	44	0.00001	138	0.00001	145	0.00001	238	0.00002	221	0.00002	125	0.00001
Euzebyaceae	908622	F	69	0.00000	704	0.00003	212	0.00001	174	0.00001	72	0.00001	28	0.00000	73	0.00000	47	0.00000	143	0.00001	142	0.00001	62	0.00001
Egibacteraceae	1747769	F	27	0.00000	269	0.00001	107	0.00000	54	0.00000	26	0.00000	19	0.00000	57	0.00000	33	0.00000	90	0.00001	76	0.00001	37	0.00000
Egicoccaceae	1755824	F	27	0.00000	494	0.00002	75	0.00000	74	0.00000	23	0.00000	6	0.00000	36	0.00000	63	0.00000	96	0.00001	113	0.00001	71	0.00001
Iamiaceae	633392	F	51	0.00000	528	0.00002	115	0.00001	112	0.00000	41	0.00000	29	0.00000	71	0.00000	32	0.00000	127	0.00001	73	0.00001	46	0.00000
Ilumatobacteraceae	2448023	F	46	0.00000	418	0.00002	165	0.00001	329	0.00001	43	0.00000	19	0.00000	72	0.00000	27	0.00000	186	0.00001	127	0.00001	62	0.00001
Acidimicrobiaceae	84994	F	11	0.00000	282	0.00001	13	0.00000	15	0.00000	1	0.00000	10	0.00000	9	0.00000	7	0.00000	36	0.00000	32	0.00000	19	0.00000
Synechococcaceae	1890426	F	2517	0.00010	11576	0.00053	3768	0.00018	4997	0.00015	1639	0.00019	1148	0.00014	2709	0.00013	2291	0.00015	4227	0.00029	3001	0.00023	1964	0.00019
Leptolyngbyaceae	1890438	F	379	0.00002	766	0.00004	269	0.00001	584	0.00002	119	0.00001	181	0.00002	415	0.00002	232	0.00002	370	0.00002	267	0.00002	191	0.00002
Prochloraceae	1213	F	344	0.00001	877	0.00004	158	0.00001	384	0.00001	122	0.00001	94	0.00001	219	0.00001	327	0.00002	327	0.00002	421	0.00003	194	0.00002
Chamaesiphonaceae	1890431	F	158	0.00001	160	0.00001	30	0.00000	66	0.00000	19	0.00000	9	0.00000	26	0.00000	40	0.00000	71	0.00000	131	0.00001	41	0.00000
Pseudanabaenaceae	1890436	F	137	0.00001	329	0.00002	157	0.00001	293	0.00001	28	0.00000	38	0.00000	124	0.00001	152	0.00001	190	0.00001	151	0.00001	95	0.00001
Merismopediaceae	1890428	F	81	0.00000	296	0.00001	105	0.00000	180	0.00001	45	0.00001	47	0.00001	94	0.00000	86	0.00001	106	0.00001	110	0.00001	71	0.00001
Acaryochloridaceae	1890429	F	71	0.00000	159	0.00001	101	0.00000	49	0.00000	85	0.00001	84	0.00001	187	0.00001	45	0.00000	128	0.00001	31	0.00000	41	0.00000
Prochlorotrichaceae	2303730	F	70	0.00000	294	0.00001	130	0.00001	206	0.00001	78	0.00001	67	0.00001	228	0.00001	84	0.00001	149	0.00001	113	0.00001	46	0.00000
Oculatellaceae	2303507	F	64	0.00000	411	0.00002	144	0.00001	127	0.00000	12	0.00000	22	0.00000	98	0.00000	74	0.00000	91	0.00001	78	0.00001	29	0.00000
Oscillatoriaceae	1892254	F	515	0.00002	530	0.00002	165	0.00001	291	0.00001	116	0.00001	138	0.00002	285	0.00001	276	0.00002	270	0.00002	183	0.00001	117	0.00001
Microcoleaceae	1892252	F	440	0.00002	779	0.00004	357	0.00002	498	0.00001	160	0.00002	190	0.00002	448	0.00002	611	0.00004	358	0.00002	311	0.00002	178	0.00002
Coleofasciculaceae	1892251	F	311	0.00001	541	0.00002	200	0.00001	261	0.00001	79	0.00001	73	0.00001	220	0.00001	51	0.00000	153	0.00001	109	0.00001	65	0.00001
Gomontiellaceae	1892255	F	263	0.00001	93	0.00000	107	0.00000	206	0.00001	44	0.00001	56	0.00001	116	0.00001	119	0.00001	108	0.00001	55	0.00000	43	0.00000
Cyanothecaceae	1892249	F	105	0.00000	207	0.00001	77	0.00000	102	0.00000	56	0.00001	56	0.00001	99	0.00000	121	0.00001	53	0.00000	85	0.00001	64	0.00001
Aphanothecaceae	1890450	F	596	0.00002	1291	0.00006	403	0.00002	519	0.00002	166	0.00002	298	0.00004	745	0.00004	530	0.00004	545	0.00004	329	0.00003	274	0.00003
Chroococcaceae	1890464	F	363	0.00001	649	0.00003	215	0.00001	461	0.00001	100	0.00001	114	0.00001	333	0.00002	532	0.00004	359	0.00002	271	0.00002	211	0.00002
Cyanobacteriaceae	1890452	F	214	0.00001	145	0.00001	48	0.00000	168	0.00000	44	0.00001	31	0.00000	112	0.00001	98	0.00001	89	0.00001	74	0.00001	67	0.00001
Microcystaceae	1890449	F	155	0.00001	306	0.00001	90	0.00000	362	0.00001	57	0.00001	59	0.00001	115	0.00001	200	0.00001	103	0.00001	95	0.00001	81	0.00001
Nostocaceae	1162	F	1321	0.00005	2286	0.00011	802	0.00004	2110	0.00006	436	0.00005	426	0.00005	1165	0.00006	1382	0.00009	1369	0.00009	1221	0.00009	648	0.00006
Calotrichaceae	2661849	F	626	0.00003	1454	0.00007	436	0.00002	928	0.00003	161	0.00002	280	0.00003	688	0.00003	526	0.00004	645	0.00004	623	0.00005	387	0.00004
Aphanizomenonaceae	1892259	F	436	0.00002	610	0.00003	301	0.00001	493	0.00001	176	0.00002	157	0.00002	403	0.00002	365	0.00002	322	0.00002	444	0.00003	275	0.00003
Scytonemataceae	1182	F	121	0.00000	364	0.00002	64	0.00000	284	0.00001	44	0.00001	48	0.00001	94	0.00000	150	0.00001	98	0.00001	39	0.00000	53	0.00001
Rivulariaceae	1185	F	140	0.00001	281	0.00001	153	0.00001	126	0.00000	27	0.00000	72	0.00001	185	0.00001	205	0.00001	175	0.00001	99	0.00001	83	0.00001
Hapalosiphonaceae	1892263	F	126	0.00001	238	0.00001	218	0.00001	180	0.00001	35	0.00000	68	0.00001	155	0.00001	305	0.00002	110	0.00001	79	0.00001	48	0.00000
Tolypothrichaceae	119859	F	154	0.00001	114	0.00001	46	0.00000	182	0.00001	25	0.00000	26	0.00000	76	0.00000	171	0.00001	116	0.00001	53	0.00000	32	0.00000
Dermocarpellaceae	1890498	F	167	0.00001	310	0.00001	83	0.00000	111	0.00000	20	0.00000	67	0.00001	177	0.00001	93	0.00001	132	0.00001	62	0.00000	81	0.00001
Hyellaceae	1890500	F	57	0.00000	148	0.00001	90	0.00000	72	0.00000	50	0.00001	48	0.00001	179	0.00001	70	0.00000	106	0.00001	51	0.00000	35	0.00000
Gloeobacteraceae	1890422	F	196	0.00001	1068	0.00005	275	0.00001	382	0.00001	84	0.00001	77	0.00001	286	0.00001	111	0.00001	339	0.00002	188	0.00001	150	0.00001
Chroococcidiopsidaceae	1890528	F	65	0.00000	212	0.00001	157	0.00001	177	0.00001	8	0.00000	116	0.00001	201	0.00001	127	0.00001	310	0.00002	105	0.00001	51	0.00001
Gloeomargaritaceae	1955043	F	50	0.00000	255	0.00001	43	0.00000	76	0.00000	42	0.00000	11	0.00000	25	0.00000	25	0.00000	26	0.00000	112	0.00001	60	0.00001
Mycoplasmataceae	2092	F	2522	0.00010	9979	0.00046	1400	0.00007	3535	0.00010	1109	0.00013	1157	0.00014	2753	0.00013	3071	0.00021	3107	0.00021	2501	0.00019	1780	0.00018
Spiroplasmataceae	2131	F	934	0.00004	4492	0.00021	438	0.00002	1082	0.00003	360	0.00004	316	0.00004	870	0.00004	1192	0.00008	1293	0.00009	1527	0.00012	607	0.00006
Entomoplasmataceae	33925	F	360	0.00001	2007	0.00009	356	0.00002	498	0.00001	154	0.00002	154	0.00002	388	0.00002	623	0.00004	439	0.00003	446	0.00003	229	0.00002
Acholeplasmataceae	2146	F	957	0.00004	4780	0.00022	699	0.00003	1646	0.00005	421	0.00005	454	0.00005	1109	0.00005	1035	0.00007	1468	0.00010	1268	0.00010	713	0.00007
Dehalococcoidaceae	1202464	F	1544	0.00006	4490	0.00021	3577	0.00017	1070	0.00003	444	0.00005	242	0.00003	578	0.00003	1136	0.00008	980	0.00007	913	0.00007	837	0.00008
Anaerolineaceae	292628	F	535	0.00002	2318	0.00011	636	0.00003	1154	0.00003	303	0.00003	325	0.00004	770	0.00004	619	0.00004	892	0.00006	519	0.00004	283	0.00003
Chloroflexaceae	1106	F	214	0.00001	497	0.00002	223	0.00001	338	0.00001	78	0.00001	67	0.00001	189	0.00001	106	0.00001	179	0.00001	187	0.00001	126	0.00001
Roseiflexaceae	1508635	F	199	0.00001	1074	0.00005	366	0.00002	523	0.00002	120	0.00001	62	0.00001	205	0.00001	233	0.00002	370	0.00002	202	0.00002	172	0.00002
Caldilineaceae	475964	F	185	0.00001	914	0.00004	291	0.00001	360	0.00001	106	0.00001	50	0.00001	132	0.00001	149	0.00001	209	0.00001	186	0.00001	103	0.00001
Ktedonosporobacteraceae	2692416	F	118	0.00000	439	0.00002	176	0.00001	95	0.00000	50	0.00001	31	0.00000	103	0.00001	81	0.00001	113	0.00001	73	0.00001	73	0.00001
Tepidiformaceae	2682227	F	106	0.00000	631	0.00003	268	0.00001	477	0.00001	121	0.00001	66	0.00001	144	0.00001	63	0.00000	332	0.00002	230	0.00002	116	0.00001
Sphaerobacteraceae	85002	F	73	0.00000	825	0.00004	241	0.00001	277	0.00001	72	0.00001	68	0.00001	188	0.00001	63	0.00000	280	0.00002	209	0.00002	103	0.00001
Thermomicrobiaceae	189777	F	25	0.00000	240	0.00001	109	0.00001	35	0.00000	19	0.00000	27	0.00000	82	0.00000	28	0.00000	81	0.00001	95	0.00001	54	0.00001
Ardenticatenaceae	1382930	F	84	0.00000	1113	0.00005	228	0.00001	483	0.00001	137	0.00002	52	0.00001	113	0.00001	101	0.00001	318	0.00002	217	0.00002	113	0.00001
Deinococcaceae	183710	F	1184	0.00005	11196	0.00052	3234	0.00015	4465	0.00013	1121	0.00013	715	0.00008	1810	0.00009	1014	0.00007	3305	0.00022	2475	0.00019	1578	0.00016
Thermaceae	188786	F	662	0.00003	5444	0.00025	1022	0.00005	1646	0.00005	417	0.00005	267	0.00003	654	0.00003	686	0.00005	1465	0.00010	996	0.00008	679	0.00007
Trueperaceae	332247	F	77	0.00000	437	0.00002	151	0.00001	55	0.00000	37	0.00000	32	0.00000	121	0.00001	31	0.00000	108	0.00001	166	0.00001	65	0.00001
Chthonomonadaceae	1077264	F	77	0.00000	2036146	0.09397	121	0.00001	5570894	0.16318	64	0.00001	49	0.00001	79	0.00000	67	0.00000	1572144	0.10614	106	0.00001	1879203	0.18516
Fimbriimonadaceae	1663426	F	98	0.00000	426	0.00002	154	0.00001	121	0.00000	46	0.00001	27	0.00000	127	0.00001	70	0.00000	211	0.00001	129	0.00001	70	0.00001
Bacteroidaceae	815	F	7112515	0.28829	1976841	0.09124	5312414	0.24767	5066479	0.14841	375813	0.04284	2560734	0.30159	6196997	0.30249	4013748	0.27012	1139923	0.07696	1723915	0.13323	1717423	0.16922
Rikenellaceae	171550	F	241507	0.00979	1359966	0.06277	631065	0.02942	558277	0.01635	366245	0.04175	342833	0.04038	845677	0.04128	194412	0.01308	268529	0.01813	204254	0.01579	338986	0.03340
Tannerellaceae	2005525	F	142842	0.00579	276350	0.01275	89133	0.00416	168300	0.00493	95836	0.01092	79089	0.00931	190016	0.00927	30457	0.00205	234554	0.01584	87165	0.00674	307052	0.03025
Odoribacteraceae	1853231	F	135383	0.00549	140946	0.00650	61453	0.00287	173996	0.00510	7727	0.00088	19240	0.00227	46603	0.00227	25287	0.00170	77467	0.00523	30720	0.00237	98043	0.00966
Prevotellaceae	171552	F	34178	0.00139	27230	0.00126	8153	0.00038	32070	0.00094	1948	0.00022	2942	0.00035	6900	0.00034	5954	0.00040	253006	0.01708	6559	0.00051	9900	0.00098
Barnesiellaceae	2005519	F	7016	0.00028	11021	0.00051	8277	0.00039	4509	0.00013	672	0.00008	952	0.00011	2575	0.00013	1934	0.00013	8152	0.00055	1571	0.00012	3124	0.00031
Muribaculaceae	2005473	F	5162	0.00021	79969	0.00369	66263	0.00309	5911	0.00017	515	0.00006	1727	0.00020	4188	0.00020	1727	0.00012	3177	0.00021	2351	0.00018	2251	0.00022
Dysgonomonadaceae	2005520	F	2921	0.00012	3770	0.00017	1352	0.00006	2077	0.00006	289	0.00003	487	0.00006	1232	0.00006	801	0.00005	1567	0.00011	568	0.00004	1159	0.00011
Porphyromonadaceae	171551	F	2880	0.00012	7285	0.00034	1986	0.00009	2414	0.00007	334	0.00004	395	0.00005	898	0.00004	828	0.00006	1638	0.00011	723	0.00006	894	0.00009
Paludibacteraceae	2005523	F	957	0.00004	1702	0.00008	270	0.00001	812	0.00002	82	0.00001	119	0.00001	285	0.00001	304	0.00002	320	0.00002	167	0.00001	248	0.00002
Tenuifilaceae	2760872	F	157	0.00001	484	0.00002	143	0.00001	99	0.00000	20	0.00000	9	0.00000	35	0.00000	51	0.00000	86	0.00001	82	0.00001	74	0.00001
Prolixibacteraceae	1471398	F	603	0.00002	962	0.00004	282	0.00001	540	0.00002	102	0.00001	116	0.00001	234	0.00001	376	0.00003	402	0.00003	227	0.00002	285	0.00003
Marinilabiliaceae	558415	F	356	0.00001	1436	0.00007	137	0.00001	358	0.00001	33	0.00000	53	0.00001	127	0.00001	65	0.00000	128	0.00001	129	0.00001	101	0.00001
Marinifilaceae	1573805	F	288	0.00001	763	0.00004	119	0.00001	333	0.00001	62	0.00001	71	0.00001	130	0.00001	199	0.00001	161	0.00001	102	0.00001	137	0.00001
Salinivirgaceae	1970190	F	86	0.00000	580	0.00003	123	0.00001	179	0.00001	24	0.00000	27	0.00000	95	0.00000	52	0.00000	111	0.00001	48	0.00000	48	0.00000
Flavobacteriaceae	49546	F	18121	0.00073	29364	0.00136	8698	0.00041	23393	0.00069	4623	0.00053	4792	0.00056	11996	0.00059	12757	0.00086	12540	0.00085	9395	0.00073	7372	0.00073
Weeksellaceae	2762318	F	11653	0.00047	15500	0.00072	5125	0.00024	15015	0.00044	3378	0.00039	3308	0.00039	8100	0.00040	8428	0.00057	7579	0.00051	5607	0.00043	4272	0.00042
Blattabacteriaceae	39782	F	1097	0.00004	1827	0.00008	340	0.00002	1053	0.00003	345	0.00004	248	0.00003	709	0.00003	711	0.00005	772	0.00005	564	0.00004	387	0.00004
Schleiferiaceae	1333713	F	105	0.00000	66	0.00000	42	0.00000	148	0.00000	31	0.00000	50	0.00001	129	0.00001	41	0.00000	93	0.00001	38	0.00000	53	0.00001
Crocinitomicaceae	1853230	F	84	0.00000	61	0.00000	74	0.00000	119	0.00000	37	0.00000	61	0.00001	154	0.00001	115	0.00001	134	0.00001	265	0.00002	70	0.00001
Ichthyobacteriaceae	1755828	F	25	0.00000	112	0.00001	28	0.00000	87	0.00000	1	0.00000	4	0.00000	22	0.00000	33	0.00000	38	0.00000	44	0.00000	11	0.00000
Hymenobacteraceae	1853232	F	5190	0.00021	18046	0.00083	6132	0.00029	7764	0.00023	1483	0.00017	1495	0.00018	3543	0.00017	2806	0.00019	4867	0.00033	3249	0.00025	2374	0.00023
Cytophagaceae	89373	F	3669	0.00015	7700	0.00036	3264	0.00015	4604	0.00013	922	0.00011	1057	0.00012	2474	0.00012	2489	0.00017	2765	0.00019	1772	0.00014	1527	0.00015
Cyclobacteriaceae	563798	F	1933	0.00008	2848	0.00013	850	0.00004	1999	0.00006	440	0.00005	405	0.00005	1007	0.00005	1039	0.00007	1196	0.00008	843	0.00007	645	0.00006
Flammeovirgaceae	200667	F	296	0.00001	451	0.00002	189	0.00001	330	0.00001	73	0.00001	104	0.00001	269	0.00001	199	0.00001	239	0.00002	269	0.00002	164	0.00002
Roseivirgaceae	2762306	F	247	0.00001	167	0.00001	98	0.00000	292	0.00001	58	0.00001	69	0.00001	182	0.00001	190	0.00001	103	0.00001	165	0.00001	85	0.00001
Fulvivirgaceae	2762286	F	207	0.00001	591	0.00003	268	0.00001	296	0.00001	57	0.00001	59	0.00001	133	0.00001	55	0.00000	158	0.00001	105	0.00001	85	0.00001
Amoebophilaceae	1501348	F	93	0.00000	387	0.00002	35	0.00000	176	0.00001	15	0.00000	17	0.00000	45	0.00000	71	0.00000	63	0.00000	32	0.00000	45	0.00000
Marivirgaceae	2762301	F	93	0.00000	101	0.00000	65	0.00000	149	0.00000	32	0.00000	38	0.00000	53	0.00000	133	0.00001	84	0.00001	30	0.00000	46	0.00000
Bernardetiaceae	1937968	F	47	0.00000	133	0.00001	25	0.00000	130	0.00000	23	0.00000	12	0.00000	42	0.00000	68	0.00000	57	0.00000	60	0.00000	48	0.00000
Sphingobacteriaceae	84566	F	8760	0.00036	9795	0.00045	3848	0.00018	11047	0.00032	1776	0.00020	2119	0.00025	5024	0.00025	5862	0.00039	5027	0.00034	3541	0.00027	3253	0.00032
Chitinophagaceae	563835	F	4080	0.00017	7820	0.00036	3328	0.00016	5683	0.00017	946	0.00011	1231	0.00014	3034	0.00015	2446	0.00016	3351	0.00023	2015	0.00016	1899	0.00019
Rhodothermaceae	563843	F	358	0.00001	1899	0.00009	624	0.00003	1028	0.00003	206	0.00002	149	0.00002	379	0.00002	227	0.00002	626	0.00004	413	0.00003	221	0.00002
Haliscomenobacteraceae	1937961	F	137	0.00001	606	0.00003	125	0.00001	110	0.00000	22	0.00000	54	0.00001	118	0.00001	245	0.00002	150	0.00001	87	0.00001	96	0.00001
Saprospiraceae	89374	F	50	0.00000	225	0.00001	30	0.00000	62	0.00000	7	0.00000	4	0.00000	12	0.00000	6	0.00000	41	0.00000	8	0.00000	21	0.00000
Chlorobiaceae	191412	F	1861	0.00008	6424	0.00030	2333	0.00011	2856	0.00008	895	0.00010	814	0.00010	2160	0.00011	1563	0.00011	2467	0.00017	1763	0.00014	1008	0.00010
Melioribacteraceae	1334117	F	408	0.00002	611	0.00003	148	0.00001	436	0.00001	117	0.00001	171	0.00002	368	0.00002	251	0.00002	302	0.00002	230	0.00002	165	0.00002
Ignavibacteriaceae	795749	F	281	0.00001	695	0.00003	222	0.00001	559	0.00002	101	0.00001	83	0.00001	244	0.00001	306	0.00002	310	0.00002	284	0.00002	183	0.00002
Gemmatimonadaceae	219687	F	349	0.00001	2283	0.00011	620	0.00003	827	0.00002	217	0.00002	158	0.00002	397	0.00002	177	0.00001	568	0.00004	484	0.00004	291	0.00003
Fibrobacteraceae	204431	F	417	0.00002	1424	0.00007	591	0.00003	648	0.00002	175	0.00002	140	0.00002	322	0.00002	629	0.00004	553	0.00004	495	0.00004	270	0.00003
Enterobacteriaceae	543	F	42078	0.00171	62593	0.00289	53529	0.00250	49805	0.00146	15013	0.00171	7817	0.00092	18603	0.00091	21697	0.00146	472586	0.03191	16997	0.00131	35418	0.00349
Yersiniaceae	1903411	F	4470	0.00018	11991	0.00055	4204	0.00020	7167	0.00021	2127	0.00024	1827	0.00022	4452	0.00022	3440	0.00023	4995	0.00034	3510	0.00027	2347	0.00023
Erwiniaceae	1903409	F	3448	0.00014	9302	0.00043	3275	0.00015	5677	0.00017	1485	0.00017	1429	0.00017	3455	0.00017	3187	0.00021	4337	0.00029	3022	0.00023	2230	0.00022
Pectobacteriaceae	1903410	F	2749	0.00011	7291	0.00034	2605	0.00012	4811	0.00014	1254	0.00014	962	0.00011	2220	0.00011	2587	0.00017	2867	0.00019	1933	0.00015	1479	0.00015
Morganellaceae	1903414	F	2800	0.00011	3909	0.00018	1687	0.00008	3807	0.00011	948	0.00011	913	0.00011	2367	0.00012	2572	0.00017	2150	0.00015	1632	0.00013	1204	0.00012
Hafniaceae	1903412	F	870	0.00004	2290	0.00011	816	0.00004	1539	0.00005	356	0.00004	386	0.00005	846	0.00004	470	0.00003	1230	0.00008	681	0.00005	461	0.00005
Budviciaceae	1903416	F	465	0.00002	770	0.00004	286	0.00001	628	0.00002	163	0.00002	228	0.00003	501	0.00002	452	0.00003	591	0.00004	248	0.00002	203	0.00002
Pseudomonadaceae	135621	F	30977	0.00126	145163	0.00670	48420	0.00226	69638	0.00204	16356	0.00186	23432	0.00276	55795	0.00272	21866	0.00147	40362	0.00273	39017	0.00302	23625	0.00233
Moraxellaceae	468	F	6015	0.00024	7686	0.00035	3536	0.00016	6477	0.00019	2104	0.00024	2308	0.00027	5573	0.00027	5273	0.00035	4970	0.00034	3267	0.00025	2417	0.00024
Alteromonadaceae	72275	F	3328	0.00013	7438	0.00034	2949	0.00014	4598	0.00013	1169	0.00013	1531	0.00018	3707	0.00018	2699	0.00018	3589	0.00024	2603	0.00020	1710	0.00017
Shewanellaceae	267890	F	2217	0.00009	4649	0.00021	1636	0.00008	2718	0.00008	612	0.00007	706	0.00008	1729	0.00008	1556	0.00010	2019	0.00014	1574	0.00012	1000	0.00010
Pseudoalteromonadaceae	267888	F	2143	0.00009	3221	0.00015	1299	0.00006	2801	0.00008	840	0.00010	721	0.00008	1867	0.00009	1716	0.00012	1906	0.00013	1676	0.00013	869	0.00009
Colwelliaceae	267889	F	881	0.00004	1026	0.00005	398	0.00002	747	0.00002	176	0.00002	216	0.00003	536	0.00003	496	0.00003	492	0.00003	586	0.00005	250	0.00002
Moritellaceae	267891	F	370	0.00001	279	0.00001	81	0.00000	203	0.00001	53	0.00001	29	0.00000	60	0.00000	116	0.00001	159	0.00001	116	0.00001	51	0.00001
Idiomarinaceae	267893	F	263	0.00001	438	0.00002	177	0.00001	370	0.00001	100	0.00001	54	0.00001	144	0.00001	178	0.00001	217	0.00001	251	0.00002	116	0.00001
Psychromonadaceae	267894	F	119	0.00000	164	0.00001	101	0.00000	312	0.00001	58	0.00001	36	0.00000	129	0.00001	95	0.00001	164	0.00001	122	0.00001	74	0.00001
Ferrimonadaceae	267892	F	113	0.00000	588	0.00003	182	0.00001	146	0.00000	42	0.00000	38	0.00000	117	0.00001	78	0.00001	220	0.00001	251	0.00002	136	0.00001
Vibrionaceae	641	F	6383	0.00026	10030	0.00046	4668	0.00022	9471	0.00028	2522	0.00029	2854	0.00034	6952	0.00034	5890	0.00040	5999	0.00041	4769	0.00037	3329	0.00033
Halomonadaceae	28256	F	2505	0.00010	11926	0.00055	4304	0.00020	5756	0.00017	1306	0.00015	1156	0.00014	2856	0.00014	2571	0.00017	4718	0.00032	3267	0.00025	1833	0.00018
Oceanospirillaceae	135620	F	1339	0.00005	2199	0.00010	744	0.00003	1403	0.00004	456	0.00005	496	0.00006	1224	0.00006	1038	0.00007	1147	0.00008	1028	0.00008	529	0.00005
Alcanivoracaceae	224372	F	383	0.00002	1767	0.00008	661	0.00003	840	0.00002	199	0.00002	126	0.00001	367	0.00002	403	0.00003	756	0.00005	378	0.00003	301	0.00003
Hahellaceae	224379	F	309	0.00001	862	0.00004	347	0.00002	407	0.00001	105	0.00001	127	0.00001	298	0.00001	223	0.00002	313	0.00002	167	0.00001	138	0.00001
Saccharospirillaceae	255527	F	234	0.00001	624	0.00003	334	0.00002	417	0.00001	159	0.00002	79	0.00001	191	0.00001	164	0.00001	357	0.00002	157	0.00001	119	0.00001
Kangiellaceae	1920240	F	208	0.00001	744	0.00003	289	0.00001	405	0.00001	124	0.00001	119	0.00001	313	0.00002	124	0.00001	218	0.00001	268	0.00002	111	0.00001
Endozoicomonadaceae	2066474	F	205	0.00001	522	0.00002	162	0.00001	322	0.00001	34	0.00000	55	0.00001	124	0.00001	84	0.00001	155	0.00001	122	0.00001	57	0.00001
Oleiphilaceae	191033	F	59	0.00000	157	0.00001	72	0.00000	56	0.00000	15	0.00000	36	0.00000	104	0.00001	116	0.00001	108	0.00001	89	0.00001	23	0.00000
Litoricolaceae	449732	F	30	0.00000	121	0.00001	85	0.00000	64	0.00000	62	0.00001	65	0.00001	161	0.00001	20	0.00000	38	0.00000	19	0.00000	33	0.00000
Xanthomonadaceae	32033	F	4445	0.00018	23377	0.00108	7889	0.00037	10617	0.00031	2542	0.00029	1744	0.00021	4419	0.00022	3220	0.00022	7534	0.00051	5238	0.00040	3433	0.00034
Rhodanobacteraceae	1775411	F	433	0.00002	3920	0.00018	1193	0.00006	1205	0.00004	339	0.00004	240	0.00003	639	0.00003	363	0.00002	1077	0.00007	790	0.00006	549	0.00005
Pasteurellaceae	712	F	5907	0.00024	12368	0.00057	4317	0.00020	23589	0.00069	2011	0.00023	3623	0.00043	8841	0.00043	4989	0.00034	8776	0.00059	4211	0.00033	3790	0.00037
Aeromonadaceae	84642	F	3081	0.00012	11281	0.00052	6077	0.00028	5798	0.00017	1631	0.00019	1198	0.00014	2726	0.00013	2507	0.00017	4503	0.00030	2594	0.00020	1993	0.00020
Succinivibrionaceae	83763	F	409	0.00002	448	0.00002	287	0.00001	426	0.00001	121	0.00001	267	0.00003	645	0.00003	438	0.00003	429	0.00003	306	0.00002	201	0.00002
Chromatiaceae	1046	F	1189	0.00005	3445	0.00016	1178	0.00005	2381	0.00007	676	0.00008	425	0.00005	1048	0.00005	963	0.00006	1515	0.00010	911	0.00007	762	0.00008
Ectothiorhodospiraceae	72276	F	893	0.00004	5639	0.00026	1904	0.00009	2734	0.00008	686	0.00008	482	0.00006	1161	0.00006	732	0.00005	2108	0.00014	1320	0.00010	903	0.00009
Granulosicoccaceae	449719	F	237	0.00001	432	0.00002	181	0.00001	271	0.00001	45	0.00001	164	0.00002	404	0.00002	175	0.00001	255	0.00002	151	0.00001	86	0.00001
Halothiobacillaceae	255526	F	226	0.00001	454	0.00002	167	0.00001	299	0.00001	79	0.00001	49	0.00001	128	0.00001	122	0.00001	173	0.00001	186	0.00001	72	0.00001
Wenzhouxiangellaceae	1676141	F	69	0.00000	1028	0.00005	164	0.00001	115	0.00000	43	0.00000	73	0.00001	91	0.00000	65	0.00000	380	0.00003	239	0.00002	72	0.00001
Thioalkalispiraceae	1096778	F	69	0.00000	729	0.00003	165	0.00001	173	0.00001	46	0.00001	55	0.00001	131	0.00001	159	0.00001	186	0.00001	77	0.00001	62	0.00001
Thioalkalibacteraceae	2035710	F	57	0.00000	287	0.00001	124	0.00001	92	0.00000	53	0.00001	45	0.00001	149	0.00001	67	0.00000	151	0.00001	81	0.00001	66	0.00001
Woeseiaceae	1738654	F	48	0.00000	158	0.00001	215	0.00001	51	0.00000	13	0.00000	16	0.00000	50	0.00000	50	0.00000	75	0.00001	51	0.00000	36	0.00000
Microbulbiferaceae	1706373	F	881	0.00004	3572	0.00016	1173	0.00005	1627	0.00005	397	0.00005	376	0.00004	906	0.00004	822	0.00006	1326	0.00009	706	0.00005	512	0.00005
Cellvibrionaceae	1706371	F	612	0.00002	1856	0.00009	559	0.00003	965	0.00003	233	0.00003	206	0.00002	491	0.00002	456	0.00003	579	0.00004	352	0.00003	319	0.00003
Halieaceae	1706372	F	529	0.00002	1330	0.00006	456	0.00002	878	0.00003	221	0.00003	201	0.00002	450	0.00002	413	0.00003	578	0.00004	479	0.00004	273	0.00003
Spongiibacteraceae	1706375	F	178	0.00001	335	0.00002	124	0.00001	173	0.00001	34	0.00000	87	0.00001	151	0.00001	306	0.00002	177	0.00001	188	0.00001	72	0.00001
Legionellaceae	444	F	1670	0.00007	2434	0.00011	1020	0.00005	1380	0.00004	610	0.00007	447	0.00005	1061	0.00005	1068	0.00007	1147	0.00008	866	0.00007	699	0.00007
Coxiellaceae	118968	F	426	0.00002	2598	0.00012	772	0.00004	1137	0.00003	79	0.00001	172	0.00002	399	0.00002	204	0.00001	1102	0.00007	775	0.00006	509	0.00005
Piscirickettsiaceae	135616	F	911	0.00004	2247	0.00010	789	0.00004	1383	0.00004	504	0.00006	490	0.00006	1208	0.00006	815	0.00005	1087	0.00007	627	0.00005	482	0.00005
Francisellaceae	34064	F	703	0.00003	2095	0.00010	412	0.00002	881	0.00003	242	0.00003	321	0.00004	759	0.00004	549	0.00004	633	0.00004	844	0.00007	399	0.00004
Thiotrichaceae	135617	F	172	0.00001	210	0.00001	106	0.00000	180	0.00001	46	0.00001	65	0.00001	136	0.00001	106	0.00001	167	0.00001	57	0.00000	85	0.00001
Methylococcaceae	403	F	1732	0.00007	4138	0.00019	1286	0.00006	2232	0.00007	722	0.00008	630	0.00007	1609	0.00008	1535	0.00010	1622	0.00011	1254	0.00010	819	0.00008
Steroidobacteraceae	2689614	F	518	0.00002	199	0.00001	285	0.00001	268	0.00001	102	0.00001	34	0.00000	87	0.00000	165	0.00001	68	0.00000	47	0.00000	68	0.00001
Sinobacteraceae	568386	F	270	0.00001	769	0.00004	199	0.00001	303	0.00001	65	0.00001	39	0.00000	102	0.00000	107	0.00001	220	0.00001	220	0.00002	143	0.00001
Orbaceae	1240483	F	281	0.00001	441	0.00002	332	0.00002	401	0.00001	81	0.00001	111	0.00001	278	0.00001	379	0.00003	269	0.00002	176	0.00001	102	0.00001
Acidiferrobacteraceae	1692041	F	252	0.00001	1894	0.00009	414	0.00002	491	0.00001	135	0.00002	104	0.00001	218	0.00001	178	0.00001	478	0.00003	217	0.00002	187	0.00002
Cardiobacteriaceae	868	F	88	0.00000	1267	0.00006	172	0.00001	259	0.00001	54	0.00001	31	0.00000	157	0.00001	201	0.00001	287	0.00002	209	0.00002	101	0.00001
Immundisolibacteraceae	1934946	F	64	0.00000	360	0.00002	151	0.00001	86	0.00000	50	0.00001	50	0.00001	61	0.00000	33	0.00000	91	0.00001	80	0.00001	97	0.00001
Salinisphaeraceae	742031	F	57	0.00000	287	0.00001	66	0.00000	74	0.00000	60	0.00001	14	0.00000	32	0.00000	67	0.00000	89	0.00001	63	0.00000	43	0.00000
Campylobacteraceae	72294	F	74319	0.00301	24511	0.00113	24855	0.00116	49691	0.00146	20816	0.00237	21345	0.00251	47997	0.00234	25220	0.00170	43195	0.00292	12158	0.00094	8407	0.00083
Helicobacteraceae	72293	F	1259	0.00005	2094	0.00010	722	0.00003	1536	0.00004	459	0.00005	604	0.00007	1375	0.00007	886	0.00006	992	0.00007	990	0.00008	532	0.00005
Thiovulaceae	2771471	F	1177	0.00005	2131	0.00010	709	0.00003	1846	0.00005	492	0.00006	648	0.00008	1639	0.00008	1087	0.00007	1230	0.00008	724	0.00006	551	0.00005
Sulfurovaceae	2771472	F	390	0.00002	1010	0.00005	473	0.00002	527	0.00002	130	0.00001	122	0.00001	344	0.00002	263	0.00002	378	0.00003	231	0.00002	220	0.00002
Nautiliaceae	224467	F	747	0.00003	878	0.00004	414	0.00002	842	0.00002	260	0.00003	328	0.00004	745	0.00004	554	0.00004	617	0.00004	381	0.00003	318	0.00003
Desulfovibrionaceae	194924	F	11653	0.00047	439911	0.02030	42387	0.00198	18986	0.00056	3221	0.00037	1994	0.00023	4682	0.00023	5998	0.00040	67194	0.00454	71585	0.00553	12186	0.00120
Desulfomicrobiaceae	213116	F	520	0.00002	2537	0.00012	647	0.00003	907	0.00003	253	0.00003	176	0.00002	473	0.00002	367	0.00002	635	0.00004	434	0.00003	287	0.00003
Desulfohalobiaceae	213117	F	66	0.00000	583	0.00003	204	0.00001	105	0.00000	24	0.00000	50	0.00001	129	0.00001	56	0.00000	76	0.00001	100	0.00001	86	0.00001
Desulfobacteraceae	213119	F	2091	0.00008	6843	0.00032	2041	0.00010	3096	0.00009	945	0.00011	776	0.00009	1959	0.00010	1641	0.00011	2739	0.00018	1600	0.00012	1396	0.00014
Desulfobulbaceae	213121	F	1406	0.00006	4252	0.00020	1453	0.00007	2586	0.00008	656	0.00007	526	0.00006	1372	0.00007	1436	0.00010	1695	0.00011	1259	0.00010	810	0.00008
Geobacteraceae	213422	F	2323	0.00009	12349	0.00057	3699	0.00017	4918	0.00014	1367	0.00016	1067	0.00013	2692	0.00013	2167	0.00015	3900	0.00026	2607	0.00020	1867	0.00018
Desulfuromonadaceae	213421	F	973	0.00004	5596	0.00026	1294	0.00006	2105	0.00006	460	0.00005	454	0.00005	998	0.00005	807	0.00005	1588	0.00011	979	0.00008	756	0.00007
Myxococcaceae	31	F	706	0.00003	5520	0.00025	1436	0.00007	1523	0.00004	486	0.00006	225	0.00003	521	0.00003	386	0.00003	1166	0.00008	904	0.00007	582	0.00006
Archangiaceae	39	F	406	0.00002	3520	0.00016	968	0.00005	1545	0.00005	403	0.00005	209	0.00002	503	0.00002	351	0.00002	1162	0.00008	901	0.00007	527	0.00005
Anaeromyxobacteraceae	1524215	F	349	0.00001	3238	0.00015	900	0.00004	1330	0.00004	316	0.00004	163	0.00002	508	0.00002	199	0.00001	856	0.00006	653	0.00005	348	0.00003
Vulgatibacteraceae	1524213	F	162	0.00001	565	0.00003	293	0.00001	256	0.00001	97	0.00001	55	0.00001	136	0.00001	111	0.00001	155	0.00001	148	0.00001	75	0.00001
Polyangiaceae	49	F	629	0.00003	3765	0.00017	1179	0.00005	1477	0.00004	482	0.00005	332	0.00004	779	0.00004	482	0.00003	1088	0.00007	981	0.00008	701	0.00007
Sandaracinaceae	1055686	F	66	0.00000	1408	0.00006	475	0.00002	161	0.00000	37	0.00000	52	0.00001	109	0.00001	63	0.00000	133	0.00001	347	0.00003	86	0.00001
Labilitrichaceae	1524216	F	56	0.00000	834	0.00004	186	0.00001	139	0.00000	38	0.00000	58	0.00001	142	0.00001	62	0.00000	107	0.00001	145	0.00001	65	0.00001
Kofleriaceae	224464	F	124	0.00001	984	0.00005	155	0.00001	308	0.00001	75	0.00001	53	0.00001	112	0.00001	54	0.00000	165	0.00001	162	0.00001	89	0.00001
Syntrophaceae	213468	F	315	0.00001	1328	0.00006	394	0.00002	591	0.00002	168	0.00002	135	0.00002	311	0.00002	284	0.00002	461	0.00003	329	0.00003	210	0.00002
Syntrophobacteraceae	213465	F	194	0.00001	1186	0.00005	365	0.00002	475	0.00001	89	0.00001	106	0.00001	206	0.00001	185	0.00001	470	0.00003	356	0.00003	204	0.00002
Bradymonadaceae	1779135	F	232	0.00001	1338	0.00006	376	0.00002	434	0.00001	208	0.00002	143	0.00002	334	0.00002	171	0.00001	410	0.00003	219	0.00002	213	0.00002
Desulfurellaceae	117942	F	140	0.00001	380	0.00002	104	0.00000	326	0.00001	62	0.00001	44	0.00001	170	0.00001	104	0.00001	126	0.00001	229	0.00002	81	0.00001
Candidatus Desulfofervidaceae	1902584	F	140	0.00001	168	0.00001	30	0.00000	96	0.00000	44	0.00001	30	0.00000	94	0.00000	56	0.00000	78	0.00001	36	0.00000	27	0.00000
Desulfarculaceae	453228	F	146	0.00001	1543	0.00007	425	0.00002	427	0.00001	131	0.00001	79	0.00001	186	0.00001	110	0.00001	372	0.00003	301	0.00002	143	0.00001
Rhizobiaceae	82115	F	5888	0.00024	32145	0.00148	9603	0.00045	14096	0.00041	3594	0.00041	2808	0.00033	6869	0.00034	5132	0.00035	10984	0.00074	7418	0.00057	5067	0.00050
Bradyrhizobiaceae	41294	F	3858	0.00016	19652	0.00091	6692	0.00031	8743	0.00026	2228	0.00025	1765	0.00021	4108	0.00020	2653	0.00018	6941	0.00047	4542	0.00035	3039	0.00030
Phyllobacteriaceae	69277	F	2883	0.00012	15232	0.00070	4607	0.00021	6540	0.00019	1926	0.00022	1271	0.00015	3096	0.00015	2486	0.00017	5311	0.00036	3840	0.00030	2343	0.00023
Methylobacteriaceae	119045	F	1154	0.00005	8203	0.00038	3026	0.00014	3496	0.00010	950	0.00011	639	0.00008	1480	0.00007	853	0.00006	2672	0.00018	2171	0.00017	1261	0.00012
Hyphomicrobiaceae	45401	F	1039	0.00004	5864	0.00027	1964	0.00009	2307	0.00007	616	0.00007	480	0.00006	1164	0.00006	996	0.00007	2187	0.00015	1616	0.00012	1033	0.00010
Bartonellaceae	772	F	1039	0.00004	1591	0.00007	588	0.00003	1327	0.00004	499	0.00006	507	0.00006	1283	0.00006	830	0.00006	1517	0.00010	912	0.00007	521	0.00005
Brucellaceae	118882	F	1486	0.00006	2933	0.00014	1689	0.00008	1672	0.00005	671	0.00008	424	0.00005	979	0.00005	781	0.00005	1419	0.00010	745	0.00006	568	0.00006
Xanthobacteraceae	335928	F	1426	0.00006	19205	0.00089	4202	0.00020	3231	0.00009	853	0.00010	1535	0.00018	3766	0.00018	3378	0.00023	4236	0.00029	2783	0.00022	2094	0.00021
Aurantimonadaceae	255475	F	651	0.00003	6614	0.00031	1146	0.00005	1880	0.00006	442	0.00005	287	0.00003	725	0.00004	760	0.00005	1384	0.00009	1091	0.00008	676	0.00007
Methylocystaceae	31993	F	408	0.00002	2285	0.00011	822	0.00004	1234	0.00004	351	0.00004	336	0.00004	793	0.00004	408	0.00003	973	0.00007	1357	0.00010	872	0.00009
Chelatococcaceae	2036754	F	820	0.00003	698	0.00003	214	0.00001	349	0.00001	140	0.00002	345	0.00004	851	0.00004	131	0.00001	296	0.00002	186	0.00001	111	0.00001
Beijerinckiaceae	45404	F	244	0.00001	988	0.00005	380	0.00002	1452	0.00004	176	0.00002	228	0.00003	522	0.00003	229	0.00002	506	0.00003	339	0.00003	228	0.00002
Cohaesibacteraceae	655351	F	171	0.00001	1067	0.00005	292	0.00001	462	0.00001	132	0.00002	81	0.00001	208	0.00001	127	0.00001	276	0.00002	213	0.00002	105	0.00001
Rhodobiaceae	119043	F	172	0.00001	1044	0.00005	309	0.00001	352	0.00001	103	0.00001	121	0.00001	279	0.00001	158	0.00001	445	0.00003	295	0.00002	167	0.00002
Lichenihabitantaceae	2723775	F	29	0.00000	247	0.00001	105	0.00000	192	0.00001	16	0.00000	21	0.00000	49	0.00000	165	0.00001	141	0.00001	65	0.00001	62	0.00001
Rhodobacteraceae	31989	F	8196	0.00033	43653	0.00201	14090	0.00066	19262	0.00056	4484	0.00051	3599	0.00042	8466	0.00041	6058	0.00041	15038	0.00102	10051	0.00078	6546	0.00064
Hyphomonadaceae	69657	F	425	0.00002	2166	0.00010	658	0.00003	1276	0.00004	303	0.00003	260	0.00003	590	0.00003	410	0.00003	935	0.00006	493	0.00004	438	0.00004
Sphingomonadaceae	41297	F	5751	0.00023	31484	0.00145	9877	0.00046	12611	0.00037	3899	0.00044	2660	0.00031	6752	0.00033	4465	0.00030	10927	0.00074	7772	0.00060	4803	0.00047
Erythrobacteraceae	335929	F	1275	0.00005	7828	0.00036	2588	0.00012	3438	0.00010	868	0.00010	650	0.00008	1555	0.00008	965	0.00006	2722	0.00018	1721	0.00013	1218	0.00012
Acetobacteraceae	433	F	3011	0.00012	12983	0.00060	4138	0.00019	5327	0.00016	1670	0.00019	1295	0.00015	3077	0.00015	2303	0.00015	4938	0.00033	3184	0.00025	2285	0.00023
Rhodospirillaceae	41295	F	3031	0.00012	19158	0.00088	5799	0.00027	7445	0.00022	1939	0.00022	1223	0.00014	3217	0.00016	2151	0.00014	5818	0.00039	4208	0.00033	2449	0.00024
Anaplasmataceae	942	F	816	0.00003	1729	0.00008	363	0.00002	911	0.00003	227	0.00003	313	0.00004	660	0.00003	426	0.00003	744	0.00005	536	0.00004	453	0.00004
Rickettsiaceae	775	F	635	0.00003	1359	0.00006	496	0.00002	1125	0.00003	532	0.00006	292	0.00003	734	0.00004	598	0.00004	575	0.00004	708	0.00005	407	0.00004
Candidatus Deianiraeaceae	2603433	F	152	0.00001	2660	0.00012	42	0.00000	251	0.00001	43	0.00000	24	0.00000	129	0.00001	47	0.00000	986	0.00007	118	0.00001	456	0.00004
Candidatus Midichloriaceae	1328881	F	117	0.00000	533	0.00002	792	0.00004	982	0.00003	326	0.00004	7	0.00000	34	0.00000	42	0.00000	56	0.00000	800	0.00006	36	0.00000
Caulobacteraceae	76892	F	1731	0.00007	9374	0.00043	3023	0.00014	4209	0.00012	986	0.00011	750	0.00009	1862	0.00009	1317	0.00009	3217	0.00022	2228	0.00017	1324	0.00013
Pelagibacteraceae	1655514	F	384	0.00002	688	0.00003	151	0.00001	319	0.00001	86	0.00001	109	0.00001	290	0.00001	166	0.00001	298	0.00002	291	0.00002	163	0.00002
Holosporaceae	44746	F	132	0.00001	298	0.00001	77	0.00000	164	0.00000	57	0.00001	44	0.00001	113	0.00001	71	0.00000	140	0.00001	98	0.00001	67	0.00001
Caedimonadaceae	2100208	F	16	0.00000	65	0.00000	8	0.00000	122	0.00000	6	0.00000	13	0.00000	22	0.00000	67	0.00000	100	0.00001	19	0.00000	17	0.00000
Candidatus Paracaedibacteraceae	1777752	F	14	0.00000	86	0.00000	9	0.00000	14	0.00000	9	0.00000	1	0.00000	17	0.00000	5	0.00000	38	0.00000	8	0.00000	21	0.00000
Kordiimonadaceae	1331809	F	64	0.00000	91	0.00000	56	0.00000	39	0.00000	40	0.00000	17	0.00000	42	0.00000	165	0.00001	58	0.00000	38	0.00000	34	0.00000
Emcibacteraceae	2066491	F	55	0.00000	749	0.00003	258	0.00001	159	0.00000	92	0.00001	110	0.00001	231	0.00001	70	0.00000	185	0.00001	213	0.00002	125	0.00001
Magnetococcaceae	1191479	F	43	0.00000	348	0.00002	65	0.00000	126	0.00000	33	0.00000	18	0.00000	29	0.00000	111	0.00001	134	0.00001	94	0.00001	49	0.00000
Parvularculaceae	255474	F	17	0.00000	98	0.00000	26	0.00000	28	0.00000	6	0.00000	6	0.00000	18	0.00000	27	0.00000	46	0.00000	14	0.00000	20	0.00000
Burkholderiaceae	119060	F	9862	0.00040	43275	0.00200	14353	0.00067	22404	0.00066	5074	0.00058	3622	0.00043	8774	0.00043	7253	0.00049	15791	0.00107	10565	0.00082	7965	0.00078
Comamonadaceae	80864	F	5256	0.00021	34799	0.00161	10152	0.00047	15773	0.00046	3707	0.00042	2392	0.00028	5476	0.00027	3723	0.00025	12254	0.00083	7912	0.00061	5059	0.00050
Alcaligenaceae	506	F	4357	0.00018	26279	0.00121	9027	0.00042	10434	0.00031	2454	0.00028	1640	0.00019	3843	0.00019	3847	0.00026	7322	0.00049	5630	0.00044	3260	0.00032
Oxalobacteraceae	75682	F	3687	0.00015	18921	0.00087	15235	0.00071	9491	0.00028	2443	0.00028	1769	0.00021	4416	0.00022	2985	0.00020	7842	0.00053	3899	0.00030	3519	0.00035
Sutterellaceae	995019	F	1685	0.00007	1980	0.00009	1124	0.00005	1608	0.00005	99	0.00001	255	0.00003	668	0.00003	331	0.00002	1950	0.00013	1035	0.00008	2940	0.00029
Neisseriaceae	481	F	2379	0.00010	11432	0.00053	3151	0.00015	5277	0.00015	1239	0.00014	1054	0.00012	2706	0.00013	1977	0.00013	3730	0.00025	2679	0.00021	1768	0.00017
Chromobacteriaceae	1499392	F	2167	0.00009	8005	0.00037	3178	0.00015	4834	0.00014	1092	0.00012	768	0.00009	1911	0.00009	1380	0.00009	3677	0.00025	2055	0.00016	1445	0.00014
Nitrosomonadaceae	206379	F	705	0.00003	2189	0.00010	506	0.00002	894	0.00003	220	0.00003	262	0.00003	616	0.00003	695	0.00005	574	0.00004	723	0.00006	386	0.00004
Methylophilaceae	32011	F	686	0.00003	1262	0.00006	536	0.00002	1032	0.00003	185	0.00002	249	0.00003	640	0.00003	619	0.00004	749	0.00005	587	0.00005	386	0.00004
Gallionellaceae	90627	F	356	0.00001	1765	0.00008	341	0.00002	507	0.00001	140	0.00002	157	0.00002	319	0.00002	213	0.00001	428	0.00003	259	0.00002	207	0.00002
Sulfuricellaceae	2772226	F	321	0.00001	1357	0.00006	438	0.00002	677	0.00002	144	0.00002	146	0.00002	399	0.00002	268	0.00002	591	0.00004	306	0.00002	269	0.00003
Sterolibacteriaceae	2008793	F	339	0.00001	1925	0.00009	854	0.00004	895	0.00003	158	0.00002	218	0.00003	568	0.00003	247	0.00002	687	0.00005	430	0.00003	276	0.00003
Thiobacillaceae	2008790	F	216	0.00001	1109	0.00005	377	0.00002	316	0.00001	90	0.00001	39	0.00000	107	0.00001	147	0.00001	345	0.00002	194	0.00001	151	0.00001
Zoogloeaceae	2008794	F	1127	0.00005	7703	0.00036	2657	0.00012	3111	0.00009	782	0.00009	608	0.00007	1455	0.00007	763	0.00005	2512	0.00017	1617	0.00012	1021	0.00010
Rhodocyclaceae	75787	F	201	0.00001	1756	0.00008	447	0.00002	465	0.00001	182	0.00002	120	0.00001	241	0.00001	254	0.00002	477	0.00003	435	0.00003	247	0.00002
Azonexaceae	2008795	F	214	0.00001	495	0.00002	134	0.00001	453	0.00001	170	0.00002	137	0.00002	349	0.00002	224	0.00002	370	0.00002	205	0.00002	264	0.00003
Casimicrobiaceae	2705999	F	128	0.00001	376	0.00002	251	0.00001	279	0.00001	33	0.00000	20	0.00000	30	0.00000	76	0.00001	238	0.00002	57	0.00000	95	0.00001
Bdellovibrionaceae	213483	F	922	0.00004	1082	0.00005	453	0.00002	947	0.00003	220	0.00003	210	0.00002	530	0.00003	422	0.00003	469	0.00003	400	0.00003	242	0.00002
Halobacteriovoraceae	1652132	F	236	0.00001	335	0.00002	104	0.00000	213	0.00001	66	0.00001	119	0.00001	296	0.00001	193	0.00001	206	0.00001	168	0.00001	93	0.00001
Bacteriovoracaceae	263369	F	94	0.00000	142	0.00001	49	0.00000	161	0.00000	34	0.00000	56	0.00001	125	0.00001	214	0.00001	104	0.00001	56	0.00000	78	0.00001
Silvanigrellaceae	2024974	F	27	0.00000	111	0.00001	42	0.00000	53	0.00000	7	0.00000	32	0.00000	57	0.00000	18	0.00000	61	0.00000	64	0.00000	26	0.00000
Acidithiobacillaceae	225058	F	293	0.00001	1430	0.00007	416	0.00002	677	0.00002	144	0.00002	109	0.00001	281	0.00001	123	0.00001	428	0.00003	218	0.00002	215	0.00002
Mariprofundaceae	580372	F	186	0.00001	686	0.00003	177	0.00001	366	0.00001	150	0.00002	59	0.00001	166	0.00001	353	0.00002	287	0.00002	155	0.00001	122	0.00001
Hydrogenophilaceae	206349	F	19	0.00000	976	0.00005	59	0.00000	28	0.00000	8	0.00000	23	0.00000	53	0.00000	19	0.00000	54	0.00000	18	0.00000	26	0.00000
Fusobacteriaceae	203492	F	6161	0.00025	7008	0.00032	2550	0.00012	6760	0.00020	1988	0.00023	2080	0.00024	5261	0.00026	4855	0.00033	4174	0.00028	3472	0.00027	2421	0.00024
Leptotrichiaceae	1129771	F	4823	0.00020	4697	0.00022	1819	0.00008	4852	0.00014	1677	0.00019	1688	0.00020	4018	0.00020	3221	0.00022	3235	0.00022	2912	0.00023	1589	0.00016
Spirochaetaceae	137	F	6703	0.00027	16744	0.00077	5692	0.00027	10575	0.00031	2836	0.00032	2631	0.00031	6505	0.00032	6091	0.00041	7686	0.00052	5908	0.00046	3495	0.00034
Borreliaceae	1643685	F	401	0.00002	1176	0.00005	302	0.00001	674	0.00002	188	0.00002	255	0.00003	574	0.00003	689	0.00005	461	0.00003	510	0.00004	260	0.00003
Brachyspiraceae	143786	F	2141	0.00009	3247	0.00015	630	0.00003	1854	0.00005	529	0.00006	571	0.00007	1387	0.00007	1266	0.00009	1074	0.00007	906	0.00007	706	0.00007
Leptospiraceae	170	F	1226	0.00005	1240	0.00006	520	0.00002	1155	0.00003	229	0.00003	290	0.00003	711	0.00003	739	0.00005	784	0.00005	673	0.00005	342	0.00003
Akkermansiaceae	1647988	F	2488	0.00010	61374	0.00283	3057	0.00014	4033	0.00012	77791	0.00887	6806	0.00080	16209	0.00079	53919	0.00363	8359	0.00056	506452	0.03914	210044	0.02070
Verrucomicrobiaceae	203557	F	373	0.00002	2552	0.00012	614	0.00003	505	0.00001	317	0.00004	209	0.00002	471	0.00002	577	0.00004	551	0.00004	541	0.00004	355	0.00003
Opitutaceae	134623	F	479	0.00002	3667	0.00017	916	0.00004	1165	0.00003	396	0.00005	203	0.00002	507	0.00002	374	0.00003	944	0.00006	655	0.00005	434	0.00004
Puniceicoccaceae	415002	F	39	0.00000	486	0.00002	105	0.00000	71	0.00000	19	0.00000	13	0.00000	41	0.00000	49	0.00000	61	0.00000	43	0.00000	60	0.00001
Methylacidiphilaceae	717964	F	89	0.00000	289	0.00001	62	0.00000	36	0.00000	48	0.00001	45	0.00001	100	0.00000	171	0.00001	105	0.00001	78	0.00001	73	0.00001
Pirellulaceae	2691357	F	455	0.00002	1330	0.00006	283	0.00001	599	0.00002	146	0.00002	111	0.00001	255	0.00001	258	0.00002	309	0.00002	325	0.00003	177	0.00002
Thermoguttaceae	2691358	F	298	0.00001	594	0.00003	110	0.00001	227	0.00001	95	0.00001	86	0.00001	217	0.00001	30	0.00000	120	0.00001	81	0.00001	53	0.00001
Lacipirellulaceae	2691359	F	79	0.00000	751	0.00003	142	0.00001	149	0.00000	52	0.00001	67	0.00001	110	0.00001	91	0.00001	167	0.00001	92	0.00001	136	0.00001
Planctomycetaceae	126	F	766	0.00003	3484	0.00016	1196	0.00006	1830	0.00005	457	0.00005	383	0.00005	882	0.00004	589	0.00004	1375	0.00009	962	0.00007	582	0.00006
Gemmataceae	1914233	F	419	0.00002	2559	0.00012	853	0.00004	775	0.00002	182	0.00002	165	0.00002	376	0.00002	211	0.00001	545	0.00004	479	0.00004	331	0.00003
Isosphaeraceae	1763524	F	283	0.00001	1976	0.00009	611	0.00003	506	0.00001	166	0.00002	165	0.00002	397	0.00002	235	0.00002	552	0.00004	419	0.00003	242	0.00002
Sedimentisphaeraceae	2483367	F	426	0.00002	1321	0.00006	273	0.00001	749	0.00002	152	0.00002	141	0.00002	371	0.00002	258	0.00002	414	0.00003	337	0.00003	258	0.00003
Anaerohalosphaeraceae	2690158	F	46	0.00000	341	0.00002	132	0.00001	176	0.00001	88	0.00001	57	0.00001	142	0.00001	72	0.00000	144	0.00001	83	0.00001	125	0.00001
Phycisphaeraceae	666507	F	44	0.00000	594	0.00003	152	0.00001	168	0.00000	31	0.00000	31	0.00000	66	0.00000	34	0.00000	173	0.00001	157	0.00001	78	0.00001
Candidatus Brocadiaceae	1127830	F	60	0.00000	206	0.00001	50	0.00000	88	0.00000	27	0.00000	39	0.00000	78	0.00000	101	0.00001	50	0.00000	142	0.00001	36	0.00000
Parachlamydiaceae	92713	F	119	0.00000	410	0.00002	75	0.00000	141	0.00000	44	0.00001	42	0.00000	116	0.00001	109	0.00001	89	0.00001	78	0.00001	47	0.00000
Waddliaceae	92714	F	61	0.00000	53	0.00000	76	0.00000	163	0.00000	11	0.00000	55	0.00001	143	0.00001	47	0.00000	43	0.00000	51	0.00000	48	0.00000
Simkaniaceae	92712	F	32	0.00000	86	0.00000	36	0.00000	25	0.00000	27	0.00000	6	0.00000	31	0.00000	42	0.00000	212	0.00001	34	0.00000	20	0.00000
Criblamydiaceae	412447	F	9	0.00000	1	0.00000	0	0.00000	0	0.00000	0	0.00000	102	0.00001	0	0.00000	1	0.00000	0	0.00000	0	0.00000	0	0.00000
Chlamydiaceae	809	F	247	0.00001	488	0.00002	158	0.00001	451	0.00001	75	0.00001	119	0.00001	512	0.00002	215	0.00001	217	0.00001	278	0.00002	128	0.00001
Kiritimatiellaceae	1921783	F	45	0.00000	1307	0.00006	303	0.00001	317	0.00001	95	0.00001	13	0.00000	86	0.00000	184	0.00001	197	0.00001	228	0.00002	132	0.00001
Thermotogaceae	188709	F	837	0.00003	1441	0.00007	452	0.00002	981	0.00003	288	0.00003	391	0.00005	926	0.00005	539	0.00004	780	0.00005	529	0.00004	312	0.00003
Fervidobacteriaceae	1643950	F	765	0.00003	917	0.00004	296	0.00001	909	0.00003	249	0.00003	254	0.00003	717	0.00003	522	0.00004	601	0.00004	491	0.00004	301	0.00003
Petrotogaceae	1643949	F	517	0.00002	1316	0.00006	263	0.00001	732	0.00002	136	0.00002	166	0.00002	441	0.00002	458	0.00003	423	0.00003	445	0.00003	318	0.00003
Kosmotogaceae	1643948	F	394	0.00002	629	0.00003	228	0.00001	531	0.00002	200	0.00002	210	0.00002	600	0.00003	429	0.00003	352	0.00002	261	0.00002	192	0.00002
Mesoaciditogaceae	1769717	F	113	0.00000	112	0.00001	53	0.00000	54	0.00000	34	0.00000	23	0.00000	63	0.00000	56	0.00000	45	0.00000	31	0.00000	16	0.00000
Acidobacteriaceae	204434	F	1298	0.00005	5696	0.00026	1752	0.00008	2746	0.00008	722	0.00008	580	0.00007	1427	0.00007	1187	0.00008	2087	0.00014	1452	0.00011	860	0.00008
Bryobacteraceae	1962910	F	150	0.00001	722	0.00003	371	0.00002	429	0.00001	91	0.00001	46	0.00001	265	0.00001	170	0.00001	207	0.00001	171	0.00001	118	0.00001
Solibacteraceae	332161	F	145	0.00001	906	0.00004	300	0.00001	412	0.00001	89	0.00001	69	0.00001	142	0.00001	158	0.00001	249	0.00002	231	0.00002	100	0.00001
Vicinamibacteraceae	2211325	F	311	0.00001	1116	0.00005	520	0.00002	502	0.00001	120	0.00001	105	0.00001	112	0.00001	125	0.00001	499	0.00003	233	0.00002	208	0.00002
Synergistaceae	649777	F	1292	0.00005	55772	0.00257	1751	0.00008	1952	0.00006	734	0.00008	683	0.00008	1643	0.00008	931	0.00006	1847	0.00012	2101	0.00016	1086	0.00011
Aquificaceae	64898	F	337	0.00001	655	0.00003	180	0.00001	359	0.00001	80	0.00001	126	0.00001	332	0.00002	357	0.00002	326	0.00002	428	0.00003	140	0.00001
Hydrogenothermaceae	224027	F	271	0.00001	635	0.00003	161	0.00001	325	0.00001	69	0.00001	117	0.00001	256	0.00001	228	0.00002	230	0.00002	324	0.00003	165	0.00002
Desulfurobacteriaceae	558314	F	263	0.00001	423	0.00002	102	0.00000	365	0.00001	71	0.00001	98	0.00001	185	0.00001	206	0.00001	113	0.00001	395	0.00003	99	0.00001
Deferribacteraceae	191394	F	792	0.00003	1642	0.00008	450	0.00002	1158	0.00003	335	0.00004	432	0.00005	1087	0.00005	800	0.00005	734	0.00005	674	0.00005	523	0.00005
Nitrospiraceae	189779	F	701	0.00003	2493	0.00012	642	0.00003	1162	0.00003	383	0.00004	239	0.00003	499	0.00002	731	0.00005	807	0.00005	907	0.00007	436	0.00004
Endomicrobiaceae	1783343	F	350	0.00001	378	0.00002	119	0.00001	411	0.00001	104	0.00001	120	0.00001	326	0.00002	237	0.00002	209	0.00001	267	0.00002	117	0.00001
Elusimicrobiaceae	641876	F	73	0.00000	230	0.00001	95	0.00000	222	0.00001	102	0.00001	62	0.00001	166	0.00001	46	0.00000	238	0.00002	128	0.00001	78	0.00001
Thermodesulfobacteriaceae	188711	F	421	0.00002	1076	0.00005	305	0.00001	615	0.00002	121	0.00001	139	0.00002	370	0.00002	322	0.00002	458	0.00003	278	0.00002	245	0.00002
Dictyoglomaceae	203488	F	263	0.00001	264	0.00001	113	0.00001	309	0.00001	78	0.00001	118	0.00001	296	0.00001	166	0.00001	144	0.00001	193	0.00001	93	0.00001
Candidatus Nanosynbacteraceae	2093822	F	205	0.00001	274	0.00001	234	0.00001	123	0.00000	77	0.00001	49	0.00001	71	0.00000	138	0.00001	131	0.00001	179	0.00001	114	0.00001
Candidatus Babeliaceae	2497645	F	46	0.00000	99	0.00000	17	0.00000	45	0.00000	3	0.00000	7	0.00000	17	0.00000	83	0.00001	16	0.00000	13	0.00000	14	0.00000
Candidatus Chazhemtobacteraceae	2715733	F	3	0.00000	3	0.00000	3	0.00000	2	0.00000	0	0.00000	7	0.00000	6	0.00000	6	0.00000	1	0.00000	1	0.00000	1	0.00000
Calditrichaceae	1962854	F	101	0.00000	399	0.00002	166	0.00001	178	0.00001	100	0.00001	65	0.00001	272	0.00001	151	0.00001	152	0.00001	106	0.00001	101	0.00001
Chrysiogenaceae	189770	F	70	0.00000	758	0.00003	120	0.00001	157	0.00000	53	0.00001	16	0.00000	37	0.00000	52	0.00000	158	0.00001	87	0.00001	84	0.00001
Caldisericaceae	693073	F	32	0.00000	183	0.00001	41	0.00000	67	0.00000	24	0.00000	9	0.00000	28	0.00000	64	0.00000	131	0.00001	38	0.00000	28	0.00000
Coprothermobacteraceae	2138247	F	81	0.00000	347	0.00002	30	0.00000	54	0.00000	21	0.00000	10	0.00000	34	0.00000	32	0.00000	69	0.00000	39	0.00000	12	0.00000
Hominidae	9604	F	24156	0.00098	31877	0.00147	13597	0.00063	31289	0.00092	8650	0.00099	7383	0.00087	19686	0.00096	16498	0.00111	18127	0.00122	15888	0.00123	10491	0.00103
Methanosarcinaceae	2206	F	2187	0.00009	2246	0.00010	1119	0.00005	2137	0.00006	810	0.00009	662	0.00008	1808	0.00009	1738	0.00012	1346	0.00009	946	0.00007	624	0.00006
Methanotrichaceae	143067	F	73	0.00000	262	0.00001	117	0.00001	130	0.00000	33	0.00000	36	0.00000	139	0.00001	39	0.00000	161	0.00001	101	0.00001	60	0.00001
Methanocorpusculaceae	88404	F	363	0.00001	182	0.00001	111	0.00001	457	0.00001	106	0.00001	64	0.00001	248	0.00001	212	0.00001	221	0.00001	95	0.00001	72	0.00001
Methanomicrobiaceae	2194	F	239	0.00001	730	0.00003	223	0.00001	472	0.00001	178	0.00002	87	0.00001	266	0.00001	119	0.00001	300	0.00002	212	0.00002	148	0.00001
Methanoregulaceae	1198451	F	145	0.00001	317	0.00001	152	0.00001	165	0.00000	63	0.00001	18	0.00000	51	0.00000	128	0.00001	94	0.00001	87	0.00001	75	0.00001
Methanospirillaceae	196137	F	50	0.00000	90	0.00000	42	0.00000	44	0.00000	11	0.00000	11	0.00000	24	0.00000	34	0.00000	29	0.00000	44	0.00000	22	0.00000
Methanocellaceae	570265	F	73	0.00000	803	0.00004	197	0.00001	117	0.00000	69	0.00001	24	0.00000	67	0.00000	47	0.00000	104	0.00001	77	0.00001	58	0.00001
Haloferacaceae	1644056	F	229	0.00001	1425	0.00007	556	0.00003	839	0.00002	175	0.00002	108	0.00001	268	0.00001	160	0.00001	437	0.00003	290	0.00002	196	0.00002
Halorubraceae	1963271	F	242	0.00001	1414	0.00007	636	0.00003	532	0.00002	174	0.00002	103	0.00001	301	0.00001	144	0.00001	564	0.00004	369	0.00003	204	0.00002
Haloarculaceae	1963268	F	225	0.00001	1612	0.00007	508	0.00002	635	0.00002	155	0.00002	92	0.00001	253	0.00001	159	0.00001	589	0.00004	314	0.00002	226	0.00002
Halobacteriaceae	2236	F	159	0.00001	1846	0.00009	519	0.00002	762	0.00002	242	0.00003	125	0.00001	395	0.00002	172	0.00001	599	0.00004	371	0.00003	217	0.00002
Natrialbaceae	1644061	F	181	0.00001	1590	0.00007	610	0.00003	655	0.00002	190	0.00002	113	0.00001	305	0.00001	158	0.00001	496	0.00003	311	0.00002	259	0.00003
Methanobacteriaceae	2159	F	1112	0.00005	1101333	0.05083	593	0.00003	1582	0.00005	473	0.00005	548	0.00006	1300	0.00006	1031	0.00007	784	0.00005	447288	0.03457	65889	0.00649
Methanothermaceae	2178	F	34	0.00000	33	0.00000	6	0.00000	10	0.00000	0	0.00000	0	0.00000	9	0.00000	9	0.00000	9	0.00000	12	0.00000	3	0.00000
Methanococcaceae	2183	F	403	0.00002	532	0.00002	252	0.00001	603	0.00002	185	0.00002	211	0.00002	566	0.00003	389	0.00003	434	0.00003	290	0.00002	212	0.00002
Methanocaldococcaceae	196117	F	226	0.00001	430	0.00002	84	0.00000	253	0.00001	117	0.00001	84	0.00001	159	0.00001	197	0.00001	198	0.00001	137	0.00001	99	0.00001
Thermococcaceae	2259	F	560	0.00002	1733	0.00008	730	0.00003	837	0.00002	202	0.00002	344	0.00004	781	0.00004	512	0.00003	743	0.00005	683	0.00005	359	0.00004
Candidatus Methanomethylophilaceae	2517203	F	140	0.00001	219	0.00001	88	0.00000	336	0.00001	76	0.00001	49	0.00001	95	0.00000	76	0.00001	214	0.00001	68	0.00001	64	0.00001
Methanomassiliicoccaceae	1577788	F	89	0.00000	34823	0.00161	73	0.00000	242	0.00001	82	0.00001	68	0.00001	149	0.00001	110	0.00001	88	0.00001	160	0.00001	323	0.00003
Picrophilaceae	46630	F	38	0.00000	57	0.00000	12	0.00000	43	0.00000	16	0.00000	2	0.00000	10	0.00000	63	0.00000	30	0.00000	72	0.00001	13	0.00000
Ferroplasmaceae	90142	F	12	0.00000	29	0.00000	26	0.00000	16	0.00000	0	0.00000	2	0.00000	13	0.00000	12	0.00000	32	0.00000	14	0.00000	9	0.00000
Cuniculiplasmataceae	1747776	F	12	0.00000	199	0.00001	8	0.00000	14	0.00000	0	0.00000	10	0.00000	22	0.00000	0	0.00000	10	0.00000	7	0.00000	15	0.00000
Thermoplasmataceae	46659	F	16	0.00000	63	0.00000	3	0.00000	38	0.00000	13	0.00000	3	0.00000	13	0.00000	6	0.00000	61	0.00000	27	0.00000	6	0.00000
Archaeoglobaceae	2232	F	307	0.00001	222	0.00001	121	0.00001	316	0.00001	43	0.00000	102	0.00001	252	0.00001	178	0.00001	245	0.00002	158	0.00001	72	0.00001
Methanopyraceae	183713	F	39	0.00000	52	0.00000	23	0.00000	19	0.00000	29	0.00000	12	0.00000	23	0.00000	64	0.00000	51	0.00000	7	0.00000	12	0.00000
Sulfolobaceae	118883	F	373	0.00002	430	0.00002	168	0.00001	586	0.00002	120	0.00001	153	0.00002	364	0.00002	304	0.00002	304	0.00002	242	0.00002	149	0.00001
Thermoproteaceae	2267	F	61	0.00000	213	0.00001	70	0.00000	79	0.00000	28	0.00000	32	0.00000	48	0.00000	31	0.00000	53	0.00000	67	0.00001	34	0.00000
Thermofilaceae	114378	F	35	0.00000	92	0.00000	51	0.00000	31	0.00000	24	0.00000	40	0.00000	102	0.00000	32	0.00000	54	0.00000	10	0.00000	18	0.00000
Desulfurococcaceae	2272	F	50	0.00000	149	0.00001	41	0.00000	58	0.00000	14	0.00000	21	0.00000	46	0.00000	35	0.00000	60	0.00000	36	0.00000	40	0.00000
Pyrodictiaceae	2307	F	9	0.00000	153	0.00001	11	0.00000	30	0.00000	5	0.00000	3	0.00000	5	0.00000	0	0.00000	20	0.00000	117	0.00001	6	0.00000
Acidilobaceae	871007	F	28	0.00000	57	0.00000	23	0.00000	67	0.00000	20	0.00000	5	0.00000	19	0.00000	39	0.00000	78	0.00001	12	0.00000	15	0.00000
Caldisphaeraceae	255472	F	24	0.00000	33	0.00000	14	0.00000	48	0.00000	5	0.00000	27	0.00000	59	0.00000	19	0.00000	16	0.00000	11	0.00000	17	0.00000
Fervidicoccaceae	685949	F	4	0.00000	16	0.00000	0	0.00000	18	0.00000	0	0.00000	3	0.00000	7	0.00000	0	0.00000	1	0.00000	3	0.00000	4	0.00000
Nitrosopumilaceae	338190	F	216	0.00001	292	0.00001	215	0.00001	276	0.00001	107	0.00001	77	0.00001	133	0.00001	218	0.00001	216	0.00001	115	0.00001	127	0.00001
Nitrososphaeraceae	1033997	F	66	0.00000	196	0.00001	78	0.00000	91	0.00000	20	0.00000	21	0.00000	65	0.00000	129	0.00001	95	0.00001	85	0.00001	30	0.00000
Candidatus Nitrosocaldaceae	1968910	F	111	0.00000	485	0.00002	0	0.00000	141	0.00000	33	0.00000	48	0.00001	133	0.00001	0	0.00000	0	0.00000	107	0.00001	45	0.00000
Podoviridae	10744	F	14040	0.00057	59	0.00000	237	0.00001	60963	0.00179	27556	0.00314	34	0.00000	67	0.00000	22	0.00000	7	0.00000	248035	0.01917	138	0.00001
Myoviridae	10662	F	2064	0.00008	6059	0.00028	17550	0.00082	46889	0.00137	1243	0.00014	1239	0.00015	3026	0.00015	344	0.00002	6656	0.00045	2147	0.00017	7827	0.00077
Siphoviridae	10699	F	684	0.00003	2890	0.00013	4279	0.00020	7844	0.00023	2506	0.00029	411	0.00005	1018	0.00005	2333	0.00016	5132	0.00035	4472	0.00035	803	0.00008
Herelleviridae	2560065	F	44	0.00000	65	0.00000	42	0.00000	92	0.00000	6	0.00000	11	0.00000	20	0.00000	45	0.00000	44	0.00000	50	0.00000	36	0.00000
Autographiviridae	2731643	F	40	0.00000	18	0.00000	11	0.00000	12	0.00000	7	0.00000	7	0.00000	21	0.00000	11	0.00000	13	0.00000	8	0.00000	5	0.00000
Ackermannviridae	2169529	F	13	0.00000	15	0.00000	32	0.00000	9	0.00000	4	0.00000	9	0.00000	14	0.00000	1	0.00000	6	0.00000	10	0.00000	7	0.00000
Demerecviridae	2731690	F	6	0.00000	24	0.00000	5	0.00000	21	0.00000	1	0.00000	5	0.00000	4	0.00000	11	0.00000	9	0.00000	4	0.00000	1	0.00000
Chaseviridae	2731689	F	2	0.00000	0	0.00000	0	0.00000	0	0.00000	0	0.00000	0	0.00000	1	0.00000	0	0.00000	0	0.00000	3	0.00000	0	0.00000
Drexlerviridae	2731691	F	1	0.00000	14	0.00000	6	0.00000	0	0.00000	1	0.00000	0	0.00000	5	0.00000	2	0.00000	776	0.00005	3	0.00000	5	0.00000
Herpesviridae	10292	F	23	0.00000	117	0.00001	18	0.00000	33	0.00000	3	0.00000	4	0.00000	16	0.00000	7	0.00000	13	0.00000	5	0.00000	13	0.00000
Alloherpesviridae	548682	F	4	0.00000	7	0.00000	6	0.00000	1	0.00000	0	0.00000	0	0.00000	5	0.00000	1	0.00000	0	0.00000	2	0.00000	1	0.00000
Closteroviridae	69973	F	38	0.00000	18	0.00000	11	0.00000	60	0.00000	7	0.00000	3	0.00000	13	0.00000	30	0.00000	13	0.00000	9	0.00000	6	0.00000
Togaviridae	11018	F	7	0.00000	1	0.00000	6	0.00000	2	0.00000	0	0.00000	0	0.00000	1	0.00000	1	0.00000	4	0.00000	0	0.00000	0	0.00000
Flaviviridae	11050	F	5	0.00000	8	0.00000	2	0.00000	8	0.00000	2	0.00000	5	0.00000	5	0.00000	0	0.00000	14	0.00000	2	0.00000	4	0.00000
Peribunyaviridae	1980416	F	6	0.00000	6	0.00000	0	0.00000	8	0.00000	0	0.00000	1	0.00000	1	0.00000	8	0.00000	0	0.00000	8	0.00000	1	0.00000
Arenaviridae	11617	F	2	0.00000	3	0.00000	0	0.00000	0	0.00000	0	0.00000	0	0.00000	0	0.00000	1	0.00000	2	0.00000	0	0.00000	0	0.00000
Tospoviridae	1980419	F	2	0.00000	15	0.00000	6	0.00000	0	0.00000	0	0.00000	0	0.00000	1	0.00000	0	0.00000	0	0.00000	0	0.00000	1	0.00000
Rhabdoviridae	11270	F	6	0.00000	0	0.00000	14	0.00000	5	0.00000	2	0.00000	5	0.00000	10	0.00000	1	0.00000	2	0.00000	5	0.00000	0	0.00000
Iflaviridae	699189	F	17	0.00000	1	0.00000	0	0.00000	105	0.00000	6	0.00000	3	0.00000	5	0.00000	0	0.00000	5	0.00000	0	0.00000	0	0.00000
Caulimoviridae	186534	F	14	0.00000	0	0.00000	0	0.00000	1	0.00000	27	0.00000	3	0.00000	3	0.00000	0	0.00000	7	0.00000	24	0.00000	2	0.00000
Mimiviridae	549779	F	28	0.00000	76	0.00000	12	0.00000	21	0.00000	10	0.00000	6	0.00000	31	0.00000	9	0.00000	20	0.00000	32	0.00000	15	0.00000
Phycodnaviridae	10501	F	17	0.00000	53	0.00000	19	0.00000	76	0.00000	11	0.00000	23	0.00000	59	0.00000	13	0.00000	12	0.00000	34	0.00000	10	0.00000
Ascoviridae	43682	F	7	0.00000	1	0.00000	2	0.00000	0	0.00000	0	0.00000	1	0.00000	3	0.00000	5	0.00000	4	0.00000	0	0.00000	0	0.00000
Iridoviridae	10486	F	3	0.00000	20	0.00000	14	0.00000	18	0.00000	2	0.00000	9	0.00000	22	0.00000	20	0.00000	17	0.00000	17	0.00000	7	0.00000
Marseilleviridae	944644	F	3	0.00000	18	0.00000	18	0.00000	32	0.00000	2	0.00000	2	0.00000	5	0.00000	2	0.00000	13	0.00000	3	0.00000	3	0.00000
Poxviridae	10240	F	31	0.00000	59	0.00000	16	0.00000	32	0.00000	8	0.00000	20	0.00000	36	0.00000	33	0.00000	64	0.00000	26	0.00000	9	0.00000
Adenoviridae	10508	F	4	0.00000	38	0.00000	4	0.00000	18	0.00000	2	0.00000	0	0.00000	1	0.00000	2	0.00000	13	0.00000	4	0.00000	7	0.00000
Microviridae	10841	F	39	0.00000	161	0.00001	13	0.00000	2	0.00000	0	0.00000	0	0.00000	0	0.00000	5	0.00000	20	0.00000	108	0.00001	6	0.00000
Polyomaviridae	151341	F	8	0.00000	2	0.00000	2	0.00000	4	0.00000	3	0.00000	0	0.00000	0	0.00000	9	0.00000	3	0.00000	0	0.00000	1	0.00000
Papillomaviridae	151340	F	2	0.00000	11	0.00000	0	0.00000	1	0.00000	0	0.00000	9	0.00000	22	0.00000	0	0.00000	4	0.00000	1	0.00000	1	0.00000
Parvoviridae	10780	F	32	0.00000	2	0.00000	0	0.00000	0	0.00000	0	0.00000	0	0.00000	0	0.00000	2	0.00000	0	0.00000	0	0.00000	1	0.00000
Pithoviridae	2023203	F	6	0.00000	36	0.00000	4	0.00000	23	0.00000	2	0.00000	0	0.00000	8	0.00000	4	0.00000	7	0.00000	6	0.00000	14	0.00000
Baculoviridae	10442	F	23	0.00000	38	0.00000	12	0.00000	30	0.00000	4	0.00000	19	0.00000	21	0.00000	15	0.00000	22	0.00000	16	0.00000	21	0.00000
Rudiviridae	157897	F	6	0.00000	8	0.00000	0	0.00000	1	0.00000	0	0.00000	0	0.00000	2	0.00000	0	0.00000	5	0.00000	11	0.00000	0	0.00000
Nudiviridae	1511852	F	4	0.00000	7	0.00000	1	0.00000	6	0.00000	4	0.00000	0	0.00000	0	0.00000	42	0.00000	9	0.00000	0	0.00000	1	0.00000
Hytrosaviridae	1285590	F	4	0.00000	3	0.00000	0	0.00000	0	0.00000	0	0.00000	0	0.00000	0	0.00000	1	0.00000	0	0.00000	1	0.00000	0	0.00000
Polydnaviridae	10482	F	1	0.00000	7	0.00000	5	0.00000	1	0.00000	0	0.00000	0	0.00000	0	0.00000	1	0.00000	3	0.00000	0	0.00000	2	0.00000
Halspiviridae	2732902	F	1	0.00000	1	0.00000	0	0.00000	0	0.00000	0	0.00000	0	0.00000	0	0.00000	0	0.00000	1	0.00000	0	0.00000	0	0.00000
Malacoherpesviridae	548685	F	0	0.00000	4	0.00000	0	0.00000	0	0.00000	0	0.00000	0	0.00000	0	0.00000	0	0.00000	0	0.00000	0	0.00000	0	0.00000
Asfarviridae	137992	F	0	0.00000	2	0.00000	0	0.00000	0	0.00000	2	0.00000	0	0.00000	0	0.00000	0	0.00000	0	0.00000	0	0.00000	1	0.00000
Sphaerolipoviridae	1714267	F	0	0.00000	1	0.00000	0	0.00000	0	0.00000	0	0.00000	0	0.00000	0	0.00000	0	0.00000	0	0.00000	0	0.00000	1	0.00000
Geminiviridae	10811	F	0	0.00000	4	0.00000	1	0.00000	2	0.00000	1	0.00000	6	0.00000	10	0.00000	0	0.00000	4	0.00000	0	0.00000	0	0.00000
Smacoviridae	2169574	F	0	0.00000	1	0.00000	0	0.00000	2	0.00000	1	0.00000	0	0.00000	0	0.00000	0	0.00000	1	0.00000	0	0.00000	0	0.00000
Caliciviridae	11974	F	0	0.00000	34	0.00000	0	0.00000	0	0.00000	0	0.00000	0	0.00000	1	0.00000	0	0.00000	0	0.00000	0	0.00000	0	0.00000
Dicistroviridae	232795	F	0	0.00000	5	0.00000	0	0.00000	1	0.00000	0	0.00000	0	0.00000	0	0.00000	0	0.00000	0	0.00000	0	0.00000	0	0.00000
Picornaviridae	12058	F	0	0.00000	3	0.00000	0	0.00000	4	0.00000	1	0.00000	0	0.00000	1	0.00000	0	0.00000	0	0.00000	5	0.00000	0	0.00000
Secoviridae	675072	F	0	0.00000	1	0.00000	0	0.00000	0	0.00000	0	0.00000	0	0.00000	0	0.00000	3	0.00000	2	0.00000	1	0.00000	0	0.00000
Coronaviridae	11118	F	0	0.00000	3	0.00000	0	0.00000	16	0.00000	1	0.00000	0	0.00000	0	0.00000	18	0.00000	1	0.00000	0	0.00000	2	0.00000
Mesoniviridae	1312872	F	0	0.00000	1	0.00000	0	0.00000	2	0.00000	0	0.00000	0	0.00000	0	0.00000	0	0.00000	0	0.00000	0	0.00000	0	0.00000
Roniviridae	199704	F	0	0.00000	1	0.00000	0	0.00000	0	0.00000	0	0.00000	0	0.00000	0	0.00000	0	0.00000	0	0.00000	0	0.00000	0	0.00000
Potyviridae	39729	F	0	0.00000	5	0.00000	0	0.00000	5	0.00000	0	0.00000	2	0.00000	2	0.00000	0	0.00000	1	0.00000	0	0.00000	0	0.00000
Astroviridae	39733	F	0	0.00000	5	0.00000	7	0.00000	0	0.00000	0	0.00000	1	0.00000	1	0.00000	0	0.00000	0	0.00000	8	0.00000	0	0.00000
Hypoviridae	39748	F	0	0.00000	1	0.00000	0	0.00000	0	0.00000	0	0.00000	0	0.00000	0	0.00000	0	0.00000	0	0.00000	0	0.00000	0	0.00000
Endornaviridae	564644	F	0	0.00000	2	0.00000	0	0.00000	0	0.00000	0	0.00000	0	0.00000	0	0.00000	0	0.00000	0	0.00000	0	0.00000	0	0.00000
Virgaviridae	675071	F	0	0.00000	1	0.00000	0	0.00000	2	0.00000	0	0.00000	0	0.00000	0	0.00000	0	0.00000	0	0.00000	0	0.00000	0	0.00000
Tymoviridae	249184	F	0	0.00000	9	0.00000	0	0.00000	0	0.00000	0	0.00000	0	0.00000	0	0.00000	0	0.00000	0	0.00000	0	0.00000	0	0.00000
Alphatetraviridae	1283207	F	0	0.00000	1	0.00000	0	0.00000	0	0.00000	0	0.00000	0	0.00000	0	0.00000	0	0.00000	0	0.00000	0	0.00000	0	0.00000
Phenuiviridae	1980418	F	0	0.00000	2	0.00000	0	0.00000	0	0.00000	0	0.00000	0	0.00000	1	0.00000	0	0.00000	0	0.00000	0	0.00000	0	0.00000
Lispiviridae	2501987	F	0	0.00000	1	0.00000	0	0.00000	0	0.00000	0	0.00000	0	0.00000	0	0.00000	0	0.00000	0	0.00000	0	0.00000	0	0.00000
Qinviridae	2501968	F	0	0.00000	1	0.00000	0	0.00000	0	0.00000	0	0.00000	0	0.00000	0	0.00000	0	0.00000	0	0.00000	0	0.00000	0	0.00000
Reoviridae	10880	F	0	0.00000	19	0.00000	0	0.00000	0	0.00000	0	0.00000	0	0.00000	0	0.00000	0	0.00000	5	0.00000	0	0.00000	1	0.00000
Chrysoviridae	249310	F	0	0.00000	1	0.00000	0	0.00000	0	0.00000	0	0.00000	0	0.00000	0	0.00000	0	0.00000	0	0.00000	0	0.00000	0	0.00000
Narnaviridae	186766	F	0	0.00000	129	0.00001	0	0.00000	0	0.00000	0	0.00000	0	0.00000	0	0.00000	0	0.00000	0	0.00000	0	0.00000	0	0.00000
Nimaviridae	196937	F	0	0.00000	2	0.00000	0	0.00000	0	0.00000	0	0.00000	0	0.00000	0	0.00000	0	0.00000	0	0.00000	0	0.00000	0	0.00000
Fuselloviridae	10474	F	0	0.00000	1	0.00000	0	0.00000	0	0.00000	0	0.00000	0	0.00000	0	0.00000	0	0.00000	0	0.00000	0	0.00000	0	0.00000
Lavidaviridae	1914302	F	0	0.00000	0	0.00000	2	0.00000	54	0.00000	0	0.00000	0	0.00000	0	0.00000	2	0.00000	0	0.00000	0	0.00000	1	0.00000
Aspiviridae	568247	F	0	0.00000	0	0.00000	1	0.00000	0	0.00000	2	0.00000	2	0.00000	6	0.00000	0	0.00000	6	0.00000	0	0.00000	2	0.00000
Phasmaviridae	1980417	F	0	0.00000	0	0.00000	2	0.00000	0	0.00000	0	0.00000	0	0.00000	0	0.00000	0	0.00000	0	0.00000	0	0.00000	0	0.00000
Luteoviridae	119163	F	0	0.00000	0	0.00000	4	0.00000	0	0.00000	0	0.00000	0	0.00000	0	0.00000	3	0.00000	0	0.00000	0	0.00000	2	0.00000
Avsunviroidae	185752	F	0	0.00000	0	0.00000	30	0.00000	0	0.00000	0	0.00000	0	0.00000	0	0.00000	0	0.00000	0	0.00000	0	0.00000	0	0.00000
Arteriviridae	76803	F	0	0.00000	0	0.00000	0	0.00000	1	0.00000	1	0.00000	0	0.00000	0	0.00000	0	0.00000	0	0.00000	0	0.00000	1	0.00000
Nyamiviridae	1513294	F	0	0.00000	0	0.00000	0	0.00000	1	0.00000	0	0.00000	0	0.00000	0	0.00000	0	0.00000	0	0.00000	0	0.00000	0	0.00000
Mitoviridae	2732892	F	0	0.00000	0	0.00000	0	0.00000	39	0.00000	0	0.00000	0	0.00000	19	0.00000	0	0.00000	0	0.00000	0	0.00000	7	0.00000
Lipothrixviridae	10477	F	0	0.00000	0	0.00000	0	0.00000	1	0.00000	0	0.00000	0	0.00000	0	0.00000	0	0.00000	0	0.00000	0	0.00000	0	0.00000
Tectiviridae	10656	F	0	0.00000	0	0.00000	0	0.00000	0	0.00000	9	0.00000	0	0.00000	0	0.00000	0	0.00000	0	0.00000	0	0.00000	0	0.00000
Kitaviridae	2560061	F	0	0.00000	0	0.00000	0	0.00000	0	0.00000	1	0.00000	0	0.00000	0	0.00000	0	0.00000	0	0.00000	0	0.00000	0	0.00000
Benyviridae	1513233	F	0	0.00000	0	0.00000	0	0.00000	0	0.00000	0	0.00000	1	0.00000	0	0.00000	0	0.00000	0	0.00000	0	0.00000	0	0.00000
Retroviridae	11632	F	0	0.00000	0	0.00000	0	0.00000	0	0.00000	0	0.00000	2	0.00000	2	0.00000	0	0.00000	42	0.00000	1	0.00000	18	0.00000
Circoviridae	39724	F	0	0.00000	0	0.00000	0	0.00000	0	0.00000	0	0.00000	0	0.00000	22	0.00000	1	0.00000	0	0.00000	2	0.00000	0	0.00000
Betaflexiviridae	675068	F	0	0.00000	0	0.00000	0	0.00000	0	0.00000	0	0.00000	0	0.00000	0	0.00000	1	0.00000	1	0.00000	0	0.00000	0	0.00000
Orthomyxoviridae	11308	F	0	0.00000	0	0.00000	0	0.00000	0	0.00000	0	0.00000	0	0.00000	0	0.00000	1	0.00000	0	0.00000	0	0.00000	0	0.00000
Tolecusatellitidae	1993640	F	0	0.00000	0	0.00000	0	0.00000	0	0.00000	0	0.00000	0	0.00000	0	0.00000	1	0.00000	0	0.00000	0	0.00000	0	0.00000
Turriviridae	1511858	F	0	0.00000	0	0.00000	0	0.00000	0	0.00000	0	0.00000	0	0.00000	0	0.00000	0	0.00000	1	0.00000	0	0.00000	0	0.00000
Alphaflexiviridae	675064	F	0	0.00000	0	0.00000	0	0.00000	0	0.00000	0	0.00000	0	0.00000	0	0.00000	0	0.00000	2	0.00000	0	0.00000	0	0.00000
Hantaviridae	1980413	F	0	0.00000	0	0.00000	0	0.00000	0	0.00000	0	0.00000	0	0.00000	0	0.00000	0	0.00000	1	0.00000	0	0.00000	0	0.00000
Tobaniviridae	2508209	F	0	0.00000	0	0.00000	0	0.00000	0	0.00000	0	0.00000	0	0.00000	0	0.00000	0	0.00000	1	0.00000	0	0.00000	0	0.00000
Totiviridae	11006	F	0	0.00000	0	0.00000	0	0.00000	0	0.00000	0	0.00000	0	0.00000	0	0.00000	0	0.00000	14	0.00000	0	0.00000	0	0.00000
Inoviridae	10860	F	0	0.00000	0	0.00000	0	0.00000	0	0.00000	0	0.00000	0	0.00000	0	0.00000	0	0.00000	1	0.00000	6	0.00000	0	0.00000
Marnaviridae	324901	F	0	0.00000	0	0.00000	0	0.00000	0	0.00000	0	0.00000	0	0.00000	0	0.00000	0	0.00000	0	0.00000	1	0.00000	0	0.00000
Mononiviridae	2501967	F	0	0.00000	0	0.00000	0	0.00000	0	0.00000	0	0.00000	0	0.00000	0	0.00000	0	0.00000	0	0.00000	1	0.00000	0	0.00000
Bicaudaviridae	423358	F	0	0.00000	0	0.00000	0	0.00000	0	0.00000	0	0.00000	0	0.00000	0	0.00000	0	0.00000	0	0.00000	9	0.00000	0	0.00000
Amalgaviridae	1511860	F	0	0.00000	0	0.00000	0	0.00000	0	0.00000	0	0.00000	0	0.00000	0	0.00000	0	0.00000	0	0.00000	0	0.00000	1	0.00000
Megabirnaviridae	1285596	F	0	0.00000	0	0.00000	0	0.00000	0	0.00000	0	0.00000	0	0.00000	0	0.00000	0	0.00000	0	0.00000	0	0.00000	2	0.00000
