name	taxonomy_id	taxonomy_lvl	14_order.bracken_num	14_order.bracken_frac	17_order.bracken_num	17_order.bracken_frac	19_order.bracken_num	19_order.bracken_frac	20_order.bracken_num	20_order.bracken_frac	2126_order.bracken_num	2126_order.bracken_frac	22a_order.bracken_num	22a_order.bracken_frac	22b_order.bracken_num	22b_order.bracken_frac	25_order.bracken_num	25_order.bracken_frac	2621_order.bracken_num	2621_order.bracken_frac	27_order.bracken_num	27_order.bracken_frac	Stan_order.bracken_num	Stan_order.bracken_frac
Clostridiales	186802	O	12928734	0.52404	10055220	0.46407	10514678	0.49021	15080284	0.44173	5703484	0.65015	4789049	0.56402	11434983	0.55816	7672571	0.51636	8030947	0.54221	5987273	0.46272	4315185	0.42517
Thermoanaerobacterales	68295	O	8382	0.00034	18234	0.00084	5214	0.00024	10340	0.00030	3253	0.00037	3299	0.00039	8260	0.00040	6953	0.00047	7380	0.00050	6525	0.00050	3845	0.00038
Halanaerobiales	53433	O	2211	0.00009	3263	0.00015	986	0.00005	2904	0.00009	718	0.00008	771	0.00009	1895	0.00009	2200	0.00015	1813	0.00012	1312	0.00010	904	0.00009
Thermosediminibacterales	2770089	O	675	0.00003	3264	0.00015	692	0.00003	936	0.00003	486	0.00006	384	0.00005	873	0.00004	886	0.00006	752	0.00005	900	0.00007	516	0.00005
Natranaerobiales	485256	O	148	0.00001	192	0.00001	56	0.00000	272	0.00001	49	0.00001	44	0.00001	115	0.00001	41	0.00000	94	0.00001	99	0.00001	55	0.00001
Erysipelotrichales	526525	O	979224	0.03969	407215	0.01879	225410	0.01051	824879	0.02416	173236	0.01975	134434	0.01583	363431	0.01774	363075	0.02443	297945	0.02012	355022	0.02744	191810	0.01890
Lactobacillales	186826	O	268032	0.01086	180918	0.00835	125854	0.00587	298872	0.00875	205872	0.02347	76293	0.00899	191220	0.00933	131857	0.00887	253792	0.01713	138250	0.01068	61277	0.00604
Bacillales	1385	O	165754	0.00672	311410	0.01437	109607	0.00511	235630	0.00690	62668	0.00714	62103	0.00731	151946	0.00742	180693	0.01216	154611	0.01044	110583	0.00855	75132	0.00740
Acidaminococcales	1843488	O	286965	0.01163	437883	0.02021	187601	0.00875	324489	0.00950	87474	0.00997	85322	0.01005	219249	0.01070	363176	0.02444	16528	0.00112	55608	0.00430	69654	0.00686
Selenomonadales	909929	O	7464	0.00030	23752	0.00110	7568	0.00035	12442	0.00036	3794	0.00043	3233	0.00038	7934	0.00039	129038	0.00868	9754	0.00066	7160	0.00055	155978	0.01537
Veillonellales	1843489	O	6991	0.00028	13520	0.00062	5319	0.00025	19085	0.00056	2365	0.00027	2907	0.00034	7364	0.00036	6256	0.00042	12333	0.00083	9658	0.00075	4320	0.00043
Tissierellales	1737405	O	8968	0.00036	18881	0.00087	6348	0.00030	11540	0.00034	4229	0.00048	3466	0.00041	8689	0.00042	7966	0.00054	8334	0.00056	7126	0.00055	4666	0.00046
Limnochordales	1676649	O	509	0.00002	1716	0.00008	538	0.00003	711	0.00002	201	0.00002	68	0.00001	173	0.00001	307	0.00002	537	0.00004	426	0.00003	267	0.00003
Bifidobacteriales	85004	O	1183547	0.04797	43558	0.00201	1937870	0.09035	2754503	0.08068	562220	0.06409	13367	0.00157	33323	0.00163	437805	0.02946	401957	0.02714	1810328	0.13991	123260	0.01214
Actinomycetales	2037	O	31906	0.00129	22187	0.00102	20789	0.00097	22321	0.00065	7742	0.00088	6782	0.00080	15123	0.00074	6184	0.00042	10278	0.00069	7814	0.00060	4015	0.00040
Micrococcales	85006	O	17703	0.00072	86861	0.00401	27414	0.00128	33786	0.00099	10092	0.00115	8894	0.00105	21074	0.00103	13741	0.00092	33349	0.00225	21125	0.00163	12587	0.00124
Corynebacteriales	85007	O	12520	0.00051	79620	0.00367	26533	0.00124	32446	0.00095	7918	0.00090	6488	0.00076	16002	0.00078	10853	0.00073	25731	0.00174	16708	0.00129	11124	0.00110
Streptomycetales	85011	O	8971	0.00036	72138	0.00333	20777	0.00097	24571	0.00072	6848	0.00078	4696	0.00055	11598	0.00057	6512	0.00044	20861	0.00141	14547	0.00112	9518	0.00094
Propionibacteriales	85009	O	4201	0.00017	29849	0.00138	8076	0.00038	10428	0.00031	2554	0.00029	1957	0.00023	4773	0.00023	3055	0.00021	8933	0.00060	5866	0.00045	3933	0.00039
Pseudonocardiales	85010	O	2007	0.00008	16589	0.00077	4963	0.00023	6391	0.00019	1740	0.00020	1152	0.00014	2874	0.00014	1516	0.00010	5151	0.00035	3580	0.00028	2264	0.00022
Micromonosporales	85008	O	1938	0.00008	15681	0.00072	4285	0.00020	5501	0.00016	1549	0.00018	930	0.00011	2312	0.00011	1268	0.00009	4683	0.00032	3083	0.00024	2097	0.00021
Streptosporangiales	85012	O	1055	0.00004	11025	0.00051	2633	0.00012	2910	0.00009	866	0.00010	536	0.00006	1434	0.00007	861	0.00006	2366	0.00016	2032	0.00016	1129	0.00011
Candidatus Nanopelagicales	2039638	O	546	0.00002	994	0.00005	415	0.00002	681	0.00002	309	0.00004	361	0.00004	913	0.00004	464	0.00003	550	0.00004	484	0.00004	324	0.00003
Frankiales	85013	O	347	0.00001	2726	0.00013	949	0.00004	987	0.00003	344	0.00004	210	0.00002	506	0.00002	256	0.00002	785	0.00005	530	0.00004	380	0.00004
Nakamurellales	1643684	O	250	0.00001	1219	0.00006	282	0.00001	336	0.00001	109	0.00001	103	0.00001	239	0.00001	133	0.00001	345	0.00002	323	0.00002	191	0.00002
Glycomycetales	85014	O	123	0.00000	733	0.00003	140	0.00001	99	0.00000	40	0.00000	28	0.00000	80	0.00000	102	0.00001	177	0.00001	74	0.00001	72	0.00001
Geodermatophilales	1643682	O	91	0.00000	1346	0.00006	256	0.00001	357	0.00001	111	0.00001	68	0.00001	157	0.00001	76	0.00001	266	0.00002	246	0.00002	189	0.00002
Catenulisporales	414714	O	90	0.00000	1100	0.00005	217	0.00001	261	0.00001	93	0.00001	65	0.00001	118	0.00001	87	0.00001	293	0.00002	129	0.00001	89	0.00001
Jiangellales	1217098	O	71	0.00000	1469	0.00007	371	0.00002	294	0.00001	85	0.00001	71	0.00001	179	0.00001	70	0.00000	375	0.00003	267	0.00002	111	0.00001
Kineosporiales	622452	O	64	0.00000	377	0.00002	170	0.00001	319	0.00001	66	0.00001	39	0.00000	74	0.00000	16	0.00000	197	0.00001	109	0.00001	59	0.00001
Acidothermales	1643683	O	60	0.00000	212	0.00001	122	0.00001	126	0.00000	50	0.00001	30	0.00000	46	0.00000	65	0.00000	160	0.00001	43	0.00000	26	0.00000
Actinopolysporales	622450	O	58	0.00000	324	0.00001	113	0.00001	32	0.00000	21	0.00000	20	0.00000	54	0.00000	20	0.00000	125	0.00001	38	0.00000	89	0.00001
Sporichthyales	2495578	O	22	0.00000	299	0.00001	146	0.00001	116	0.00000	37	0.00000	12	0.00000	92	0.00000	28	0.00000	116	0.00001	71	0.00001	66	0.00001
Eggerthellales	1643822	O	549236	0.02226	503186	0.02322	173859	0.00811	488450	0.01431	138755	0.01582	78519	0.00925	207749	0.01014	261493	0.01760	119776	0.00809	94709	0.00732	60078	0.00592
Coriobacteriales	84999	O	12919	0.00052	449292	0.02074	1315779	0.06134	1494177	0.04377	633030	0.07216	12535	0.00148	31302	0.00153	594722	0.04002	791287	0.05342	594596	0.04595	122239	0.01204
Rubrobacterales	84996	O	387	0.00002	3740	0.00017	896	0.00004	908	0.00003	330	0.00004	199	0.00002	480	0.00002	333	0.00002	800	0.00005	775	0.00006	434	0.00004
Solirubrobacterales	588673	O	168	0.00001	1102	0.00005	240	0.00001	461	0.00001	101	0.00001	44	0.00001	138	0.00001	145	0.00001	238	0.00002	221	0.00002	125	0.00001
Euzebyales	908621	O	69	0.00000	704	0.00003	212	0.00001	174	0.00001	72	0.00001	28	0.00000	73	0.00000	47	0.00000	143	0.00001	142	0.00001	62	0.00001
Egibacterales	1747768	O	27	0.00000	269	0.00001	107	0.00000	54	0.00000	26	0.00000	19	0.00000	57	0.00000	33	0.00000	90	0.00001	76	0.00001	37	0.00000
Egicoccales	1755823	O	27	0.00000	494	0.00002	75	0.00000	74	0.00000	23	0.00000	6	0.00000	36	0.00000	63	0.00000	96	0.00001	113	0.00001	71	0.00001
Acidimicrobiales	84993	O	109	0.00000	1229	0.00006	295	0.00001	457	0.00001	85	0.00001	59	0.00001	154	0.00001	68	0.00000	349	0.00002	234	0.00002	128	0.00001
Synechococcales	1890424	O	3826	0.00016	14873	0.00069	4866	0.00023	6889	0.00020	2152	0.00025	1693	0.00020	4106	0.00020	3335	0.00022	5662	0.00038	4305	0.00033	2676	0.00026
Oscillatoriales	1150	O	1635	0.00007	2152	0.00010	908	0.00004	1360	0.00004	456	0.00005	516	0.00006	1169	0.00006	1179	0.00008	944	0.00006	745	0.00006	470	0.00005
Chroococcales	1118	O	1328	0.00005	2393	0.00011	758	0.00004	1512	0.00004	369	0.00004	504	0.00006	1307	0.00006	1362	0.00009	1097	0.00007	771	0.00006	635	0.00006
Nostocales	1161	O	2927	0.00012	5349	0.00025	2023	0.00009	4307	0.00013	908	0.00010	1079	0.00013	2767	0.00014	3107	0.00021	2838	0.00019	2561	0.00020	1528	0.00015
Pleurocapsales	52604	O	225	0.00001	458	0.00002	173	0.00001	183	0.00001	70	0.00001	116	0.00001	356	0.00002	164	0.00001	238	0.00002	114	0.00001	116	0.00001
Gloeobacterales	307595	O	196	0.00001	1068	0.00005	275	0.00001	382	0.00001	84	0.00001	77	0.00001	286	0.00001	111	0.00001	339	0.00002	188	0.00001	150	0.00001
Chroococcidiopsidales	1890505	O	65	0.00000	212	0.00001	157	0.00001	177	0.00001	8	0.00000	116	0.00001	201	0.00001	127	0.00001	310	0.00002	105	0.00001	51	0.00001
Gloeoemargaritales	1955042	O	50	0.00000	255	0.00001	43	0.00000	76	0.00000	42	0.00000	11	0.00000	25	0.00000	25	0.00000	26	0.00000	112	0.00001	60	0.00001
Mycoplasmatales	2085	O	2522	0.00010	9979	0.00046	1400	0.00007	3535	0.00010	1109	0.00013	1157	0.00014	2753	0.00013	3071	0.00021	3107	0.00021	2501	0.00019	1780	0.00018
Entomoplasmatales	186328	O	1295	0.00005	6500	0.00030	794	0.00004	1581	0.00005	514	0.00006	471	0.00006	1259	0.00006	1815	0.00012	1732	0.00012	1973	0.00015	837	0.00008
Acholeplasmatales	186329	O	957	0.00004	4780	0.00022	699	0.00003	1646	0.00005	421	0.00005	454	0.00005	1109	0.00005	1035	0.00007	1468	0.00010	1268	0.00010	713	0.00007
Dehalococcoidales	1202465	O	1544	0.00006	4490	0.00021	3577	0.00017	1070	0.00003	444	0.00005	242	0.00003	578	0.00003	1136	0.00008	980	0.00007	913	0.00007	837	0.00008
Anaerolineales	292629	O	535	0.00002	2318	0.00011	636	0.00003	1154	0.00003	303	0.00003	325	0.00004	770	0.00004	619	0.00004	892	0.00006	519	0.00004	283	0.00003
Chloroflexales	32064	O	413	0.00002	1571	0.00007	589	0.00003	861	0.00003	198	0.00002	129	0.00002	394	0.00002	339	0.00002	549	0.00004	389	0.00003	298	0.00003
Caldilineales	475963	O	185	0.00001	914	0.00004	291	0.00001	360	0.00001	106	0.00001	50	0.00001	132	0.00001	149	0.00001	209	0.00001	186	0.00001	103	0.00001
Ktedonobacterales	388448	O	118	0.00000	439	0.00002	176	0.00001	95	0.00000	50	0.00001	31	0.00000	103	0.00001	81	0.00001	113	0.00001	73	0.00001	73	0.00001
Tepidiformales	2682226	O	106	0.00000	631	0.00003	268	0.00001	477	0.00001	121	0.00001	66	0.00001	144	0.00001	63	0.00000	332	0.00002	230	0.00002	116	0.00001
Sphaerobacterales	85001	O	73	0.00000	825	0.00004	241	0.00001	277	0.00001	72	0.00001	68	0.00001	188	0.00001	63	0.00000	280	0.00002	209	0.00002	103	0.00001
Thermomicrobiales	189776	O	25	0.00000	240	0.00001	109	0.00001	35	0.00000	19	0.00000	27	0.00000	82	0.00000	28	0.00000	81	0.00001	95	0.00001	54	0.00001
Ardenticatenales	1382929	O	84	0.00000	1113	0.00005	228	0.00001	483	0.00001	137	0.00002	52	0.00001	113	0.00001	101	0.00001	318	0.00002	217	0.00002	113	0.00001
Deinococcales	118964	O	1184	0.00005	11196	0.00052	3234	0.00015	4465	0.00013	1121	0.00013	715	0.00008	1810	0.00009	1014	0.00007	3305	0.00022	2475	0.00019	1578	0.00016
Thermales	68933	O	662	0.00003	5444	0.00025	1022	0.00005	1646	0.00005	417	0.00005	267	0.00003	654	0.00003	686	0.00005	1465	0.00010	996	0.00008	679	0.00007
Trueperales	2762275	O	77	0.00000	437	0.00002	151	0.00001	55	0.00000	37	0.00000	32	0.00000	121	0.00001	31	0.00000	108	0.00001	166	0.00001	65	0.00001
Chthonomonadales	1077263	O	77	0.00000	508	0.00002	121	0.00001	157	0.00000	64	0.00001	49	0.00001	79	0.00000	67	0.00000	156	0.00001	106	0.00001	70	0.00001
Fimbriimonadales	1663425	O	98	0.00000	426	0.00002	154	0.00001	121	0.00000	46	0.00001	27	0.00000	127	0.00001	70	0.00000	211	0.00001	129	0.00001	70	0.00001
Bacteroidales	171549	O	7685523	0.31151	5921207	0.27327	6180513	0.28814	11585687	0.33937	849485	0.09683	3008531	0.35432	7295410	0.35610	4275506	0.28774	3560411	0.24038	2058079	0.15905	4358292	0.42942
Marinilabiliales	1970189	O	1335	0.00005	3741	0.00017	664	0.00003	1412	0.00004	221	0.00003	267	0.00003	586	0.00003	693	0.00005	802	0.00005	508	0.00004	573	0.00006
Flavobacteriales	200644	O	31087	0.00126	46932	0.00217	14308	0.00067	39817	0.00117	8417	0.00096	8464	0.00100	21113	0.00103	22088	0.00149	21158	0.00143	15914	0.00123	12167	0.00120
Cytophagales	768507	O	11779	0.00048	30429	0.00140	10930	0.00051	15744	0.00046	3106	0.00035	3261	0.00038	7751	0.00038	7053	0.00047	9536	0.00064	6529	0.00050	5023	0.00049
Sphingobacteriales	200666	O	8760	0.00036	9795	0.00045	3848	0.00018	11047	0.00032	1776	0.00020	2119	0.00025	5024	0.00025	5862	0.00039	5027	0.00034	3541	0.00027	3253	0.00032
Chitinophagales	1853229	O	4080	0.00017	7820	0.00036	3328	0.00016	5683	0.00017	946	0.00011	1231	0.00014	3034	0.00015	2446	0.00016	3351	0.00023	2015	0.00016	1899	0.00019
Bacteroidetes Order II. Incertae sedis	1100069	O	358	0.00001	1899	0.00009	624	0.00003	1028	0.00003	206	0.00002	149	0.00002	379	0.00002	227	0.00002	626	0.00004	413	0.00003	221	0.00002
Saprospirales	1936988	O	187	0.00001	832	0.00004	155	0.00001	172	0.00001	29	0.00000	58	0.00001	130	0.00001	251	0.00002	191	0.00001	95	0.00001	117	0.00001
Chlorobiales	191411	O	1861	0.00008	6424	0.00030	2333	0.00011	2856	0.00008	895	0.00010	814	0.00010	2160	0.00011	1563	0.00011	2467	0.00017	1763	0.00014	1008	0.00010
Ignavibacteriales	795748	O	690	0.00003	1306	0.00006	370	0.00002	996	0.00003	219	0.00002	254	0.00003	612	0.00003	558	0.00004	612	0.00004	515	0.00004	348	0.00003
Gemmatimonadales	219686	O	349	0.00001	2283	0.00011	620	0.00003	827	0.00002	217	0.00002	158	0.00002	397	0.00002	177	0.00001	568	0.00004	484	0.00004	291	0.00003
Fibrobacterales	218872	O	417	0.00002	1424	0.00007	591	0.00003	648	0.00002	175	0.00002	140	0.00002	322	0.00002	629	0.00004	553	0.00004	495	0.00004	270	0.00003
Enterobacterales	91347	O	56884	0.00231	98150	0.00453	66405	0.00310	73436	0.00215	21348	0.00243	13564	0.00160	32446	0.00158	34408	0.00232	488758	0.03300	28026	0.00217	43346	0.00427
Pseudomonadales	72274	O	36993	0.00150	152849	0.00705	51956	0.00242	76116	0.00223	18460	0.00210	25741	0.00303	61369	0.00300	27140	0.00183	45332	0.00306	42285	0.00327	26042	0.00257
Alteromonadales	135622	O	9436	0.00038	17806	0.00082	6825	0.00032	11897	0.00035	3053	0.00035	3337	0.00039	8293	0.00040	6938	0.00047	8769	0.00059	7182	0.00056	4210	0.00041
Vibrionales	135623	O	6383	0.00026	10030	0.00046	4668	0.00022	9471	0.00028	2522	0.00029	2854	0.00034	6952	0.00034	5890	0.00040	5999	0.00041	4769	0.00037	3329	0.00033
Oceanospirillales	135619	O	5274	0.00021	18927	0.00087	7001	0.00033	9674	0.00028	2465	0.00028	2264	0.00027	5644	0.00028	4748	0.00032	7814	0.00053	5499	0.00042	3147	0.00031
Xanthomonadales	135614	O	4878	0.00020	27297	0.00126	9083	0.00042	11823	0.00035	2881	0.00033	1985	0.00023	5058	0.00025	3583	0.00024	8611	0.00058	6028	0.00047	3983	0.00039
Pasteurellales	135625	O	5907	0.00024	12368	0.00057	4317	0.00020	23589	0.00069	2011	0.00023	3623	0.00043	8841	0.00043	4989	0.00034	8776	0.00059	4211	0.00033	3790	0.00037
Aeromonadales	135624	O	3491	0.00014	11730	0.00054	6364	0.00030	6224	0.00018	1752	0.00020	1466	0.00017	3372	0.00016	2945	0.00020	4933	0.00033	2901	0.00022	2194	0.00022
Chromatiales	135613	O	2790	0.00011	12176	0.00056	4102	0.00019	6119	0.00018	1644	0.00019	1312	0.00015	3166	0.00015	2336	0.00016	4845	0.00033	3018	0.00023	2060	0.00020
Cellvibrionales	1706369	O	2202	0.00009	7094	0.00033	2313	0.00011	3645	0.00011	886	0.00010	871	0.00010	2000	0.00010	2000	0.00013	2662	0.00018	1726	0.00013	1177	0.00012
Legionellales	118969	O	2097	0.00008	5033	0.00023	1793	0.00008	2518	0.00007	690	0.00008	620	0.00007	1460	0.00007	1273	0.00009	2249	0.00015	1641	0.00013	1208	0.00012
Thiotrichales	72273	O	1787	0.00007	4553	0.00021	1308	0.00006	2444	0.00007	793	0.00009	876	0.00010	2104	0.00010	1471	0.00010	1888	0.00013	1529	0.00012	967	0.00010
Methylococcales	135618	O	1732	0.00007	4138	0.00019	1286	0.00006	2232	0.00007	722	0.00008	630	0.00007	1609	0.00008	1535	0.00010	1622	0.00011	1254	0.00010	819	0.00008
Nevskiales	1775403	O	788	0.00003	969	0.00004	484	0.00002	571	0.00002	168	0.00002	73	0.00001	189	0.00001	273	0.00002	289	0.00002	267	0.00002	211	0.00002
Orbales	1240482	O	281	0.00001	441	0.00002	332	0.00002	401	0.00001	81	0.00001	111	0.00001	278	0.00001	379	0.00003	269	0.00002	176	0.00001	102	0.00001
Acidiferrobacterales	1692040	O	252	0.00001	1894	0.00009	414	0.00002	491	0.00001	135	0.00002	104	0.00001	218	0.00001	178	0.00001	478	0.00003	217	0.00002	187	0.00002
Cardiobacteriales	135615	O	88	0.00000	1267	0.00006	172	0.00001	259	0.00001	54	0.00001	31	0.00000	157	0.00001	201	0.00001	287	0.00002	209	0.00002	101	0.00001
Immundisolibacterales	1934945	O	64	0.00000	360	0.00002	151	0.00001	86	0.00000	50	0.00001	50	0.00001	61	0.00000	33	0.00000	91	0.00001	80	0.00001	97	0.00001
Salinisphaerales	742030	O	57	0.00000	287	0.00001	66	0.00000	74	0.00000	60	0.00001	14	0.00000	32	0.00000	67	0.00000	89	0.00001	63	0.00000	43	0.00000
Campylobacterales	213849	O	77147	0.00313	29748	0.00137	26761	0.00125	53602	0.00157	21899	0.00250	22721	0.00268	51356	0.00251	27457	0.00185	45797	0.00309	14105	0.00109	9712	0.00096
Nautiliales	235899	O	747	0.00003	878	0.00004	414	0.00002	842	0.00002	260	0.00003	328	0.00004	745	0.00004	554	0.00004	617	0.00004	381	0.00003	318	0.00003
Desulfovibrionales	213115	O	12240	0.00050	443033	0.02045	43238	0.00202	19999	0.00059	3498	0.00040	2220	0.00026	5285	0.00026	6422	0.00043	67906	0.00458	72120	0.00557	12561	0.00124
Desulfobacterales	213118	O	3497	0.00014	11096	0.00051	3494	0.00016	5683	0.00017	1601	0.00018	1302	0.00015	3332	0.00016	3078	0.00021	4435	0.00030	2860	0.00022	2207	0.00022
Desulfuromonadales	69541	O	3297	0.00013	17945	0.00083	4993	0.00023	7024	0.00021	1828	0.00021	1521	0.00018	3691	0.00018	2975	0.00020	5488	0.00037	3587	0.00028	2624	0.00026
Myxococcales	29	O	2503	0.00010	19836	0.00092	5596	0.00026	6743	0.00020	1938	0.00022	1152	0.00014	2813	0.00014	1711	0.00012	4836	0.00033	4244	0.00033	2476	0.00024
Syntrophobacterales	213462	O	510	0.00002	2514	0.00012	759	0.00004	1067	0.00003	257	0.00003	241	0.00003	517	0.00003	470	0.00003	932	0.00006	686	0.00005	415	0.00004
Bradymonadales	1779134	O	232	0.00001	1338	0.00006	376	0.00002	434	0.00001	208	0.00002	143	0.00002	334	0.00002	171	0.00001	410	0.00003	256	0.00002	213	0.00002
Desulfurellales	213113	O	281	0.00001	549	0.00003	134	0.00001	422	0.00001	106	0.00001	74	0.00001	170	0.00001	104	0.00001	205	0.00001	229	0.00002	108	0.00001
Desulfarculales	453227	O	146	0.00001	1543	0.00007	425	0.00002	427	0.00001	131	0.00001	79	0.00001	281	0.00001	167	0.00001	372	0.00003	301	0.00002	143	0.00001
Rhizobiales	356	O	21274	0.00086	117774	0.00544	35645	0.00166	47338	0.00139	12704	0.00145	10856	0.00128	26180	0.00128	19093	0.00128	39293	0.00265	27579	0.00213	18155	0.00179
Rhodobacterales	204455	O	8622	0.00035	45819	0.00211	14748	0.00069	20539	0.00060	4788	0.00055	3859	0.00045	9056	0.00044	6468	0.00044	15973	0.00108	10544	0.00081	6984	0.00069
Sphingomonadales	204457	O	7027	0.00028	39312	0.00181	12465	0.00058	16049	0.00047	4767	0.00054	3310	0.00039	8307	0.00041	5430	0.00037	13649	0.00092	9494	0.00073	6021	0.00059
Rhodospirillales	204441	O	6043	0.00024	32142	0.00148	9937	0.00046	12773	0.00037	3609	0.00041	2519	0.00030	6294	0.00031	4455	0.00030	10756	0.00073	7393	0.00057	4735	0.00047
Rickettsiales	766	O	1722	0.00007	6283	0.00029	1694	0.00008	3270	0.00010	1129	0.00013	636	0.00007	1558	0.00008	1114	0.00007	2362	0.00016	2163	0.00017	1354	0.00013
Caulobacterales	204458	O	1731	0.00007	9374	0.00043	3023	0.00014	4209	0.00012	986	0.00011	750	0.00009	1862	0.00009	1317	0.00009	3217	0.00022	2228	0.00017	1324	0.00013
Pelagibacterales	54526	O	384	0.00002	688	0.00003	151	0.00001	319	0.00001	86	0.00001	109	0.00001	290	0.00001	166	0.00001	298	0.00002	291	0.00002	163	0.00002
Holosporales	1921002	O	163	0.00001	450	0.00002	94	0.00000	300	0.00001	72	0.00001	58	0.00001	152	0.00001	143	0.00001	279	0.00002	125	0.00001	106	0.00001
Kordiimonadales	362534	O	64	0.00000	91	0.00000	56	0.00000	39	0.00000	40	0.00000	17	0.00000	42	0.00000	165	0.00001	58	0.00000	38	0.00000	34	0.00000
Emcibacterales	2066490	O	55	0.00000	749	0.00003	258	0.00001	159	0.00000	92	0.00001	110	0.00001	231	0.00001	70	0.00000	185	0.00001	213	0.00002	125	0.00001
Magnetococcales	1191478	O	43	0.00000	348	0.00002	65	0.00000	126	0.00000	33	0.00000	18	0.00000	29	0.00000	111	0.00001	134	0.00001	94	0.00001	49	0.00000
Parvularculales	255473	O	17	0.00000	98	0.00000	26	0.00000	28	0.00000	6	0.00000	6	0.00000	18	0.00000	27	0.00000	46	0.00000	14	0.00000	20	0.00000
Burkholderiales	80840	O	24848	0.00101	125257	0.00578	49892	0.00233	59711	0.00175	13779	0.00157	9680	0.00114	23179	0.00113	18141	0.00122	45164	0.00305	29042	0.00224	22746	0.00224
Neisseriales	206351	O	4547	0.00018	19437	0.00090	6330	0.00030	10111	0.00030	2332	0.00027	1823	0.00021	4617	0.00023	3357	0.00023	7408	0.00050	4735	0.00037	3213	0.00032
Nitrosomonadales	32003	O	2626	0.00011	9986	0.00046	3305	0.00015	4323	0.00013	940	0.00011	1074	0.00013	2652	0.00013	2191	0.00015	3377	0.00023	2501	0.00019	1678	0.00017
Rhodocyclales	206389	O	1671	0.00007	9955	0.00046	3239	0.00015	4309	0.00013	1168	0.00013	886	0.00010	2076	0.00010	1319	0.00009	3599	0.00024	2315	0.00018	1630	0.00016
Bdellovibrionales	213481	O	922	0.00004	1082	0.00005	453	0.00002	947	0.00003	220	0.00003	210	0.00002	530	0.00003	422	0.00003	469	0.00003	400	0.00003	242	0.00002
Bacteriovoracales	2024979	O	331	0.00001	477	0.00002	153	0.00001	375	0.00001	100	0.00001	175	0.00002	421	0.00002	407	0.00003	311	0.00002	225	0.00002	171	0.00002
Silvanigrellales	2024973	O	27	0.00000	111	0.00001	42	0.00000	53	0.00000	7	0.00000	32	0.00000	57	0.00000	18	0.00000	61	0.00000	64	0.00000	26	0.00000
Acidithiobacillales	225057	O	293	0.00001	1430	0.00007	416	0.00002	677	0.00002	144	0.00002	109	0.00001	281	0.00001	123	0.00001	428	0.00003	218	0.00002	215	0.00002
Mariprofundales	580371	O	186	0.00001	686	0.00003	177	0.00001	366	0.00001	150	0.00002	59	0.00001	166	0.00001	353	0.00002	287	0.00002	155	0.00001	122	0.00001
Hydrogenophilales	119069	O	19	0.00000	976	0.00005	59	0.00000	28	0.00000	8	0.00000	23	0.00000	53	0.00000	19	0.00000	54	0.00000	18	0.00000	26	0.00000
Fusobacteriales	203491	O	10985	0.00045	11706	0.00054	4370	0.00020	11612	0.00034	3665	0.00042	3769	0.00044	9279	0.00045	8076	0.00054	7410	0.00050	6384	0.00049	4010	0.00040
Spirochaetales	136	O	7104	0.00029	17920	0.00083	5994	0.00028	11250	0.00033	3024	0.00034	2886	0.00034	7080	0.00035	6781	0.00046	8147	0.00055	6418	0.00050	3755	0.00037
Brachyspirales	1643686	O	2141	0.00009	3247	0.00015	630	0.00003	1854	0.00005	529	0.00006	571	0.00007	1387	0.00007	1266	0.00009	1074	0.00007	906	0.00007	706	0.00007
Leptospirales	1643688	O	1226	0.00005	1240	0.00006	520	0.00002	1155	0.00003	229	0.00003	290	0.00003	711	0.00003	739	0.00005	784	0.00005	673	0.00005	342	0.00003
Verrucomicrobiales	48461	O	2861	0.00012	63926	0.00295	3672	0.00017	4539	0.00013	78108	0.00890	7015	0.00083	16681	0.00081	54496	0.00367	8911	0.00060	506994	0.03918	210399	0.02073
Opitutales	415000	O	479	0.00002	3667	0.00017	916	0.00004	1165	0.00003	396	0.00005	203	0.00002	507	0.00002	374	0.00003	944	0.00006	655	0.00005	434	0.00004
Puniceicoccales	415001	O	39	0.00000	486	0.00002	105	0.00000	71	0.00000	19	0.00000	13	0.00000	41	0.00000	49	0.00000	61	0.00000	43	0.00000	60	0.00001
Methylacidiphilales	717963	O	89	0.00000	289	0.00001	62	0.00000	36	0.00000	48	0.00001	45	0.00001	100	0.00000	171	0.00001	105	0.00001	78	0.00001	73	0.00001
Pirellulales	2691354	O	833	0.00003	2676	0.00012	535	0.00002	975	0.00003	293	0.00003	264	0.00003	583	0.00003	380	0.00003	597	0.00004	499	0.00004	367	0.00004
Planctomycetales	112	O	766	0.00003	3484	0.00016	1196	0.00006	1830	0.00005	457	0.00005	383	0.00005	882	0.00004	589	0.00004	1375	0.00009	962	0.00007	582	0.00006
Gemmatales	2691355	O	419	0.00002	2559	0.00012	853	0.00004	775	0.00002	182	0.00002	165	0.00002	376	0.00002	211	0.00001	545	0.00004	479	0.00004	331	0.00003
Isosphaerales	2691356	O	283	0.00001	1976	0.00009	611	0.00003	506	0.00001	166	0.00002	165	0.00002	397	0.00002	235	0.00002	552	0.00004	419	0.00003	242	0.00002
Sedimentisphaerales	2483366	O	472	0.00002	1662	0.00008	405	0.00002	925	0.00003	241	0.00003	198	0.00002	514	0.00003	330	0.00002	558	0.00004	420	0.00003	384	0.00004
Phycisphaerales	666506	O	44	0.00000	594	0.00003	152	0.00001	168	0.00000	31	0.00000	31	0.00000	66	0.00000	34	0.00000	173	0.00001	157	0.00001	78	0.00001
Candidatus Brocadiales	1127829	O	60	0.00000	206	0.00001	50	0.00000	88	0.00000	27	0.00000	39	0.00000	78	0.00000	101	0.00001	50	0.00000	142	0.00001	36	0.00000
Parachlamydiales	1963360	O	222	0.00001	552	0.00003	187	0.00001	330	0.00001	82	0.00001	205	0.00002	291	0.00001	200	0.00001	344	0.00002	163	0.00001	116	0.00001
Chlamydiales	51291	O	247	0.00001	488	0.00002	158	0.00001	451	0.00001	75	0.00001	119	0.00001	512	0.00002	215	0.00001	217	0.00001	278	0.00002	128	0.00001
Kiritimatiellales	1921782	O	45	0.00000	1307	0.00006	303	0.00001	317	0.00001	95	0.00001	13	0.00000	86	0.00000	184	0.00001	197	0.00001	228	0.00002	132	0.00001
Thermotogales	2419	O	1602	0.00006	2359	0.00011	749	0.00003	1890	0.00006	538	0.00006	645	0.00008	1644	0.00008	1062	0.00007	1382	0.00009	1020	0.00008	613	0.00006
Petrotogales	1643947	O	517	0.00002	1316	0.00006	263	0.00001	732	0.00002	136	0.00002	166	0.00002	441	0.00002	458	0.00003	423	0.00003	445	0.00003	318	0.00003
Kosmotogales	1643946	O	394	0.00002	629	0.00003	228	0.00001	531	0.00002	200	0.00002	210	0.00002	600	0.00003	429	0.00003	352	0.00002	261	0.00002	192	0.00002
Mesoaciditogales	1769716	O	113	0.00000	112	0.00001	53	0.00000	54	0.00000	34	0.00000	23	0.00000	63	0.00000	56	0.00000	45	0.00000	31	0.00000	16	0.00000
Acidobacteriales	204433	O	1298	0.00005	5696	0.00026	1752	0.00008	2746	0.00008	722	0.00008	580	0.00007	1427	0.00007	1187	0.00008	2087	0.00014	1452	0.00011	860	0.00008
Bryobacterales	332160	O	606	0.00002	2745	0.00013	1192	0.00006	1344	0.00004	302	0.00003	221	0.00003	520	0.00003	453	0.00003	957	0.00006	636	0.00005	427	0.00004
Synergistales	649776	O	1292	0.00005	55772	0.00257	1751	0.00008	1952	0.00006	734	0.00008	683	0.00008	1643	0.00008	931	0.00006	1847	0.00012	2101	0.00016	1086	0.00011
Aquificales	32069	O	608	0.00002	1290	0.00006	341	0.00002	684	0.00002	149	0.00002	243	0.00003	588	0.00003	585	0.00004	556	0.00004	752	0.00006	305	0.00003
Desulfurobacteriales	1485951	O	263	0.00001	423	0.00002	102	0.00000	365	0.00001	71	0.00001	98	0.00001	185	0.00001	206	0.00001	113	0.00001	395	0.00003	99	0.00001
Deferribacterales	191393	O	792	0.00003	1642	0.00008	450	0.00002	1158	0.00003	335	0.00004	432	0.00005	1087	0.00005	800	0.00005	734	0.00005	674	0.00005	523	0.00005
Nitrospirales	189778	O	701	0.00003	2493	0.00012	642	0.00003	1162	0.00003	383	0.00004	239	0.00003	499	0.00002	731	0.00005	807	0.00005	907	0.00007	436	0.00004
Endomicrobiales	1783344	O	350	0.00001	378	0.00002	119	0.00001	411	0.00001	104	0.00001	120	0.00001	326	0.00002	237	0.00002	209	0.00001	267	0.00002	117	0.00001
Elusimicrobiales	641854	O	73	0.00000	230	0.00001	95	0.00000	222	0.00001	102	0.00001	62	0.00001	166	0.00001	46	0.00000	238	0.00002	128	0.00001	78	0.00001
Thermodesulfobacteriales	188710	O	421	0.00002	1076	0.00005	305	0.00001	615	0.00002	121	0.00001	139	0.00002	370	0.00002	322	0.00002	458	0.00003	278	0.00002	245	0.00002
Dictyoglomales	203487	O	263	0.00001	264	0.00001	113	0.00001	309	0.00001	78	0.00001	118	0.00001	296	0.00001	166	0.00001	144	0.00001	193	0.00001	93	0.00001
Candidatus Nanosynbacterales	2093819	O	205	0.00001	274	0.00001	234	0.00001	123	0.00000	77	0.00001	49	0.00001	71	0.00000	138	0.00001	131	0.00001	179	0.00001	114	0.00001
Candidatus Babeliales	2497644	O	49	0.00000	102	0.00000	20	0.00000	47	0.00000	3	0.00000	14	0.00000	23	0.00000	89	0.00001	17	0.00000	14	0.00000	15	0.00000
Calditrichales	1962852	O	101	0.00000	399	0.00002	166	0.00001	178	0.00001	100	0.00001	65	0.00001	272	0.00001	151	0.00001	152	0.00001	106	0.00001	101	0.00001
Chrysiogenales	189769	O	70	0.00000	758	0.00003	120	0.00001	157	0.00000	53	0.00001	16	0.00000	37	0.00000	52	0.00000	158	0.00001	87	0.00001	84	0.00001
Caldisericales	693072	O	32	0.00000	183	0.00001	41	0.00000	67	0.00000	24	0.00000	9	0.00000	28	0.00000	64	0.00000	131	0.00001	38	0.00000	28	0.00000
Coprothermobacterales	2138246	O	81	0.00000	347	0.00002	30	0.00000	54	0.00000	21	0.00000	10	0.00000	34	0.00000	32	0.00000	69	0.00000	39	0.00000	12	0.00000
Primates	9443	O	24156	0.00098	31877	0.00147	13597	0.00063	31289	0.00092	8650	0.00099	7383	0.00087	19686	0.00096	16498	0.00111	18127	0.00122	15888	0.00123	10491	0.00103
Methanosarcinales	94695	O	2260	0.00009	2509	0.00012	1237	0.00006	2267	0.00007	843	0.00010	698	0.00008	1948	0.00010	1778	0.00012	1508	0.00010	1048	0.00008	684	0.00007
Methanomicrobiales	2191	O	799	0.00003	1320	0.00006	528	0.00002	1139	0.00003	360	0.00004	180	0.00002	589	0.00003	494	0.00003	645	0.00004	440	0.00003	318	0.00003
Methanocellales	570264	O	73	0.00000	803	0.00004	197	0.00001	117	0.00000	69	0.00001	24	0.00000	67	0.00000	47	0.00000	104	0.00001	77	0.00001	58	0.00001
Haloferacales	1644055	O	471	0.00002	2839	0.00013	1193	0.00006	1372	0.00004	349	0.00004	211	0.00002	570	0.00003	304	0.00002	1002	0.00007	660	0.00005	400	0.00004
Halobacteriales	2235	O	384	0.00002	3459	0.00016	1028	0.00005	1397	0.00004	397	0.00005	217	0.00003	648	0.00003	332	0.00002	1189	0.00008	685	0.00005	443	0.00004
Natrialbales	1644060	O	181	0.00001	1590	0.00007	610	0.00003	655	0.00002	190	0.00002	113	0.00001	305	0.00001	158	0.00001	496	0.00003	311	0.00002	259	0.00003
Methanobacteriales	2158	O	1147	0.00005	1101367	0.05083	600	0.00003	1593	0.00005	473	0.00005	548	0.00006	1310	0.00006	1040	0.00007	793	0.00005	447301	0.03457	65893	0.00649
Methanococcales	2182	O	630	0.00003	963	0.00004	336	0.00002	856	0.00003	302	0.00003	296	0.00003	726	0.00004	586	0.00004	633	0.00004	428	0.00003	311	0.00003
Thermococcales	2258	O	560	0.00002	1733	0.00008	730	0.00003	837	0.00002	202	0.00002	344	0.00004	781	0.00004	512	0.00003	743	0.00005	683	0.00005	359	0.00004
Methanomassiliicoccales	1235850	O	229	0.00001	35042	0.00162	161	0.00001	578	0.00002	158	0.00002	117	0.00001	244	0.00001	186	0.00001	302	0.00002	228	0.00002	387	0.00004
Thermoplasmatales	2301	O	78	0.00000	348	0.00002	49	0.00000	111	0.00000	29	0.00000	17	0.00000	58	0.00000	81	0.00001	133	0.00001	120	0.00001	44	0.00000
Archaeoglobales	2231	O	307	0.00001	222	0.00001	121	0.00001	316	0.00001	43	0.00000	102	0.00001	252	0.00001	178	0.00001	245	0.00002	158	0.00001	72	0.00001
Methanopyrales	68985	O	39	0.00000	52	0.00000	23	0.00000	19	0.00000	29	0.00000	12	0.00000	23	0.00000	64	0.00000	51	0.00000	7	0.00000	12	0.00000
Sulfolobales	2281	O	373	0.00002	430	0.00002	168	0.00001	586	0.00002	120	0.00001	153	0.00002	364	0.00002	304	0.00002	304	0.00002	242	0.00002	149	0.00001
Thermoproteales	2266	O	97	0.00000	306	0.00001	121	0.00001	110	0.00000	52	0.00001	72	0.00001	150	0.00001	63	0.00000	107	0.00001	77	0.00001	52	0.00001
Desulfurococcales	114380	O	59	0.00000	303	0.00001	53	0.00000	88	0.00000	20	0.00000	25	0.00000	51	0.00000	35	0.00000	81	0.00001	153	0.00001	46	0.00000
Acidilobales	871006	O	52	0.00000	90	0.00000	37	0.00000	115	0.00000	25	0.00000	32	0.00000	78	0.00000	59	0.00000	94	0.00001	23	0.00000	32	0.00000
Fervidicoccales	685948	O	4	0.00000	16	0.00000	0	0.00000	18	0.00000	0	0.00000	3	0.00000	7	0.00000	0	0.00000	1	0.00000	3	0.00000	4	0.00000
Nitrosopumilales	31932	O	216	0.00001	292	0.00001	215	0.00001	276	0.00001	107	0.00001	77	0.00001	133	0.00001	218	0.00001	216	0.00001	115	0.00001	127	0.00001
Nitrososphaerales	1033996	O	66	0.00000	196	0.00001	78	0.00000	91	0.00000	20	0.00000	21	0.00000	65	0.00000	129	0.00001	95	0.00001	85	0.00001	30	0.00000
Candidatus Nitrosocaldales	1968909	O	111	0.00000	485	0.00002	0	0.00000	141	0.00000	33	0.00000	48	0.00001	133	0.00001	0	0.00000	0	0.00000	107	0.00001	45	0.00000
Caudovirales	28883	O	16894	0.00068	9146	0.00042	22163	0.00103	115831	0.00339	31324	0.00357	1716	0.00020	4176	0.00020	2769	0.00019	12644	0.00085	254732	0.01969	8823	0.00087
Herpesvirales	548681	O	27	0.00000	128	0.00001	24	0.00000	34	0.00000	3	0.00000	4	0.00000	21	0.00000	8	0.00000	13	0.00000	7	0.00000	14	0.00000
Martellivirales	2732544	O	45	0.00000	22	0.00000	17	0.00000	64	0.00000	8	0.00000	3	0.00000	14	0.00000	31	0.00000	17	0.00000	9	0.00000	6	0.00000
Amarillovirales	2732545	O	5	0.00000	8	0.00000	2	0.00000	8	0.00000	2	0.00000	5	0.00000	5	0.00000	0	0.00000	14	0.00000	2	0.00000	4	0.00000
Bunyavirales	1980410	O	10	0.00000	24	0.00000	8	0.00000	8	0.00000	0	0.00000	1	0.00000	3	0.00000	9	0.00000	3	0.00000	8	0.00000	2	0.00000
Mononegavirales	11157	O	6	0.00000	3	0.00000	14	0.00000	6	0.00000	2	0.00000	5	0.00000	10	0.00000	1	0.00000	2	0.00000	5	0.00000	0	0.00000
Picornavirales	464095	O	17	0.00000	44	0.00000	0	0.00000	110	0.00000	7	0.00000	3	0.00000	7	0.00000	3	0.00000	7	0.00000	7	0.00000	0	0.00000
Ortervirales	2169561	O	14	0.00000	0	0.00000	0	0.00000	1	0.00000	29	0.00000	5	0.00000	5	0.00000	0	0.00000	56	0.00000	47	0.00000	55	0.00001
Imitervirales	2732554	O	28	0.00000	76	0.00000	12	0.00000	21	0.00000	10	0.00000	6	0.00000	31	0.00000	9	0.00000	20	0.00000	32	0.00000	15	0.00000
Algavirales	2732524	O	17	0.00000	53	0.00000	19	0.00000	76	0.00000	11	0.00000	23	0.00000	59	0.00000	13	0.00000	12	0.00000	34	0.00000	10	0.00000
Pimascovirales	2732555	O	13	0.00000	39	0.00000	34	0.00000	50	0.00000	4	0.00000	12	0.00000	30	0.00000	27	0.00000	34	0.00000	20	0.00000	10	0.00000
Chitovirales	2732527	O	31	0.00000	59	0.00000	16	0.00000	32	0.00000	8	0.00000	20	0.00000	36	0.00000	33	0.00000	64	0.00000	26	0.00000	9	0.00000
Rowavirales	2732559	O	4	0.00000	38	0.00000	4	0.00000	18	0.00000	2	0.00000	0	0.00000	1	0.00000	2	0.00000	13	0.00000	4	0.00000	7	0.00000
Petitvirales	2732414	O	39	0.00000	161	0.00001	13	0.00000	8	0.00000	0	0.00000	0	0.00000	0	0.00000	12	0.00000	20	0.00000	108	0.00001	6	0.00000
Sepolyvirales	2732532	O	8	0.00000	2	0.00000	2	0.00000	4	0.00000	3	0.00000	0	0.00000	0	0.00000	9	0.00000	3	0.00000	0	0.00000	1	0.00000
Zurhausenvirales	2732533	O	2	0.00000	11	0.00000	0	0.00000	1	0.00000	0	0.00000	9	0.00000	22	0.00000	0	0.00000	4	0.00000	1	0.00000	1	0.00000
Piccovirales	2732534	O	61	0.00000	2	0.00000	0	0.00000	0	0.00000	0	0.00000	0	0.00000	0	0.00000	2	0.00000	0	0.00000	0	0.00000	4	0.00000
Ligamenvirales	1511857	O	16	0.00000	29	0.00000	0	0.00000	3	0.00000	0	0.00000	0	0.00000	2	0.00000	0	0.00000	9	0.00000	21	0.00000	0	0.00000
Asfuvirales	2732526	O	0	0.00000	2	0.00000	0	0.00000	0	0.00000	2	0.00000	0	0.00000	0	0.00000	0	0.00000	0	0.00000	0	0.00000	1	0.00000
Halopanivirales	2732011	O	0	0.00000	1	0.00000	0	0.00000	0	0.00000	0	0.00000	0	0.00000	0	0.00000	0	0.00000	0	0.00000	0	0.00000	1	0.00000
Geplafuvirales	2732539	O	0	0.00000	4	0.00000	19	0.00000	2	0.00000	9	0.00000	25	0.00000	10	0.00000	0	0.00000	4	0.00000	0	0.00000	0	0.00000
Cremevirales	2732537	O	0	0.00000	1	0.00000	0	0.00000	2	0.00000	1	0.00000	0	0.00000	0	0.00000	0	0.00000	1	0.00000	0	0.00000	0	0.00000
Nidovirales	76804	O	0	0.00000	5	0.00000	0	0.00000	19	0.00000	2	0.00000	0	0.00000	0	0.00000	75	0.00001	2	0.00000	1	0.00000	3	0.00000
Patatavirales	2732550	O	0	0.00000	5	0.00000	0	0.00000	5	0.00000	0	0.00000	2	0.00000	2	0.00000	0	0.00000	1	0.00000	0	0.00000	0	0.00000
Stellavirales	2732551	O	0	0.00000	5	0.00000	41	0.00000	0	0.00000	0	0.00000	1	0.00000	1	0.00000	0	0.00000	0	0.00000	8	0.00000	0	0.00000
Durnavirales	2732549	O	0	0.00000	1	0.00000	0	0.00000	0	0.00000	0	0.00000	0	0.00000	0	0.00000	0	0.00000	0	0.00000	0	0.00000	1	0.00000
Tymovirales	675063	O	0	0.00000	9	0.00000	0	0.00000	0	0.00000	0	0.00000	0	0.00000	0	0.00000	1	0.00000	3	0.00000	0	0.00000	0	0.00000
Hepelivirales	2732543	O	0	0.00000	1	0.00000	0	0.00000	0	0.00000	0	0.00000	1	0.00000	0	0.00000	0	0.00000	0	0.00000	0	0.00000	0	0.00000
Muvirales	2499405	O	0	0.00000	1	0.00000	0	0.00000	0	0.00000	0	0.00000	0	0.00000	0	0.00000	0	0.00000	0	0.00000	0	0.00000	0	0.00000
Reovirales	2732541	O	0	0.00000	19	0.00000	0	0.00000	0	0.00000	0	0.00000	0	0.00000	0	0.00000	0	0.00000	5	0.00000	0	0.00000	1	0.00000
Ghabrivirales	2732540	O	0	0.00000	1	0.00000	0	0.00000	0	0.00000	0	0.00000	0	0.00000	0	0.00000	0	0.00000	14	0.00000	0	0.00000	2	0.00000
Wolframvirales	2732502	O	0	0.00000	203	0.00001	0	0.00000	0	0.00000	0	0.00000	0	0.00000	0	0.00000	0	0.00000	0	0.00000	0	0.00000	0	0.00000
Priklausovirales	2732556	O	0	0.00000	0	0.00000	2	0.00000	107	0.00000	0	0.00000	0	0.00000	0	0.00000	2	0.00000	0	0.00000	0	0.00000	1	0.00000
Serpentovirales	2499881	O	0	0.00000	0	0.00000	1	0.00000	0	0.00000	2	0.00000	2	0.00000	6	0.00000	0	0.00000	6	0.00000	0	0.00000	2	0.00000
Tolivirales	2732548	O	0	0.00000	0	0.00000	4	0.00000	0	0.00000	0	0.00000	0	0.00000	0	0.00000	3	0.00000	0	0.00000	0	0.00000	2	0.00000
Cryppavirales	2732503	O	0	0.00000	0	0.00000	0	0.00000	39	0.00000	0	0.00000	0	0.00000	19	0.00000	0	0.00000	0	0.00000	0	0.00000	7	0.00000
Kalamavirales	2732558	O	0	0.00000	0	0.00000	0	0.00000	0	0.00000	9	0.00000	0	0.00000	0	0.00000	0	0.00000	0	0.00000	0	0.00000	0	0.00000
Cirlivirales	2732536	O	0	0.00000	0	0.00000	0	0.00000	0	0.00000	0	0.00000	0	0.00000	51	0.00000	1	0.00000	0	0.00000	2	0.00000	0	0.00000
Articulavirales	2499411	O	0	0.00000	0	0.00000	0	0.00000	0	0.00000	0	0.00000	0	0.00000	0	0.00000	1	0.00000	0	0.00000	0	0.00000	0	0.00000
Belfryvirales	2732557	O	0	0.00000	0	0.00000	0	0.00000	0	0.00000	0	0.00000	0	0.00000	0	0.00000	0	0.00000	1	0.00000	0	0.00000	0	0.00000
Tubulavirales	2732094	O	0	0.00000	0	0.00000	0	0.00000	0	0.00000	0	0.00000	0	0.00000	0	0.00000	0	0.00000	32	0.00000	6	0.00000	0	0.00000
