name	taxonomy_id	taxonomy_lvl	14_class.bracken_num	14_class.bracken_frac	17_class.bracken_num	17_class.bracken_frac	19_class.bracken_num	19_class.bracken_frac	20_class.bracken_num	20_class.bracken_frac	2126_class.bracken_num	2126_class.bracken_frac	22a_class.bracken_num	22a_class.bracken_frac	22b_class.bracken_num	22b_class.bracken_frac	25_class.bracken_num	25_class.bracken_frac	2621_class.bracken_num	2621_class.bracken_frac	27_class.bracken_num	27_class.bracken_frac	Stan_class.bracken_num	Stan_class.bracken_frac
Clostridia	186801	C	12940152	0.52450	10080175	0.46522	10521629	0.49053	15094739	0.44215	5707992	0.65066	4793549	0.56454	11446128	0.55870	7682652	0.51704	8040989	0.54289	5996112	0.46340	4320508	0.42569
Erysipelotrichia	526524	C	979224	0.03969	407215	0.01879	225410	0.01051	824879	0.02416	173236	0.01975	134434	0.01583	363431	0.01774	363075	0.02443	297945	0.02012	355022	0.02744	191810	0.01890
Bacilli	91061	C	433787	0.01758	492329	0.02272	235462	0.01098	534502	0.01566	268540	0.03061	138396	0.01630	343166	0.01675	312550	0.02103	408403	0.02757	248833	0.01923	136410	0.01344
Negativicutes	909932	C	301421	0.01222	475156	0.02193	200489	0.00935	356016	0.01043	93634	0.01067	91464	0.01077	234547	0.01145	498471	0.03355	38617	0.00261	72427	0.00560	229953	0.02266
Tissierellia	1737404	C	8968	0.00036	18881	0.00087	6348	0.00030	11540	0.00034	4229	0.00048	3466	0.00041	8689	0.00042	7966	0.00054	8334	0.00056	7126	0.00055	4666	0.00046
Limnochordia	1676648	C	509	0.00002	1716	0.00008	538	0.00003	711	0.00002	201	0.00002	68	0.00001	173	0.00001	307	0.00002	537	0.00004	426	0.00003	267	0.00003
Actinobacteria	1760	C	1265579	0.05130	388317	0.01792	2056531	0.09588	2896474	0.08484	602804	0.06871	45818	0.00540	110981	0.00542	483120	0.03251	516707	0.03489	1887407	0.14586	171533	0.01690
Coriobacteriia	84998	C	562156	0.02279	952478	0.04396	1489639	0.06945	1982627	0.05808	771785	0.08798	91055	0.01072	239052	0.01167	856215	0.05762	911063	0.06151	689306	0.05327	182318	0.01796
Rubrobacteria	84995	C	387	0.00002	3740	0.00017	896	0.00004	908	0.00003	330	0.00004	199	0.00002	480	0.00002	333	0.00002	800	0.00005	775	0.00006	434	0.00004
Thermoleophilia	1497346	C	168	0.00001	25735	0.00119	8761	0.00041	461	0.00001	101	0.00001	3932	0.00046	10025	0.00049	145	0.00001	10744	0.00073	8579	0.00066	5421	0.00053
Nitriliruptoria	908620	C	123	0.00000	1468	0.00007	395	0.00002	14267	0.00042	122	0.00001	53	0.00001	168	0.00001	143	0.00001	329	0.00002	332	0.00003	170	0.00002
Acidimicrobiia	84992	C	9982	0.00040	1229	0.00006	295	0.00001	457	0.00001	3958	0.00045	59	0.00001	154	0.00001	9079	0.00061	349	0.00002	234	0.00002	128	0.00001
Gloeobacteria	307596	C	312	0.00001	1995	0.00009	650	0.00003	819	0.00002	205	0.00002	204	0.00002	311	0.00002	301	0.00002	914	0.00006	521	0.00004	379	0.00004
Mollicutes	31969	C	4774	0.00019	21260	0.00098	2895	0.00013	6762	0.00020	2044	0.00023	2083	0.00025	5122	0.00025	5923	0.00040	6308	0.00043	5743	0.00044	3331	0.00033
Dehalococcoidia	301297	C	1544	0.00006	4490	0.00021	3577	0.00017	1070	0.00003	444	0.00005	242	0.00003	578	0.00003	1136	0.00008	980	0.00007	913	0.00007	837	0.00008
Anaerolineae	292625	C	535	0.00002	2318	0.00011	636	0.00003	1154	0.00003	303	0.00003	325	0.00004	770	0.00004	619	0.00004	892	0.00006	519	0.00004	283	0.00003
Chloroflexia	32061	C	413	0.00002	1571	0.00007	589	0.00003	861	0.00003	198	0.00002	129	0.00002	394	0.00002	339	0.00002	549	0.00004	389	0.00003	298	0.00003
Caldilineae	475962	C	185	0.00001	914	0.00004	291	0.00001	360	0.00001	106	0.00001	50	0.00001	132	0.00001	149	0.00001	209	0.00001	186	0.00001	103	0.00001
Ktedonobacteria	388447	C	118	0.00000	439	0.00002	176	0.00001	95	0.00000	50	0.00001	31	0.00000	103	0.00001	81	0.00001	113	0.00001	73	0.00001	73	0.00001
Tepidiformia	2682225	C	106	0.00000	631	0.00003	268	0.00001	477	0.00001	121	0.00001	66	0.00001	144	0.00001	63	0.00000	332	0.00002	230	0.00002	116	0.00001
Thermomicrobia	189775	C	98	0.00000	1065	0.00005	350	0.00002	312	0.00001	91	0.00001	95	0.00001	270	0.00001	91	0.00001	361	0.00002	304	0.00002	157	0.00002
Ardenticatenia	1382928	C	84	0.00000	1113	0.00005	228	0.00001	483	0.00001	137	0.00002	52	0.00001	113	0.00001	101	0.00001	318	0.00002	217	0.00002	113	0.00001
Deinococci	188787	C	1924	0.00008	17077	0.00079	4407	0.00021	6166	0.00018	1576	0.00018	1015	0.00012	2586	0.00013	1732	0.00012	4878	0.00033	3638	0.00028	2322	0.00023
Chthonomonadetes	1077257	C	77	0.00000	508	0.00002	121	0.00001	157	0.00000	64	0.00001	49	0.00001	79	0.00000	67	0.00000	156	0.00001	106	0.00001	70	0.00001
Fimbriimonadia	1663419	C	98	0.00000	426	0.00002	154	0.00001	121	0.00000	46	0.00001	27	0.00000	127	0.00001	70	0.00000	211	0.00001	129	0.00001	70	0.00001
Bacteroidia	200643	C	7686858	0.31157	5924949	0.27345	6181177	0.28817	11587100	0.33941	849706	0.09686	3008798	0.35435	7295997	0.35613	4276199	0.28779	3561214	0.24044	2058588	0.15909	4358866	0.42947
Flavobacteriia	117743	C	31087	0.00126	46932	0.00217	14308	0.00067	39817	0.00117	8417	0.00096	8464	0.00100	21113	0.00103	22088	0.00149	21158	0.00143	15914	0.00123	12167	0.00120
Cytophagia	768503	C	11779	0.00048	30429	0.00140	10930	0.00051	15744	0.00046	3106	0.00035	3261	0.00038	7751	0.00038	7053	0.00047	9536	0.00064	6529	0.00050	5023	0.00049
Sphingobacteriia	117747	C	8760	0.00036	9795	0.00045	3848	0.00018	11047	0.00032	1776	0.00020	2119	0.00025	5024	0.00025	5862	0.00039	5027	0.00034	3541	0.00027	3253	0.00032
Chitinophagia	1853228	C	4438	0.00018	9718	0.00045	3952	0.00018	6712	0.00020	1152	0.00013	1380	0.00016	3413	0.00017	2446	0.00016	3975	0.00027	2424	0.00019	2119	0.00021
Saprospiria	1937959	C	187	0.00001	832	0.00004	155	0.00001	172	0.00001	29	0.00000	58	0.00001	130	0.00001	478	0.00003	191	0.00001	95	0.00001	117	0.00001
Chlorobia	191410	C	1861	0.00008	6424	0.00030	2333	0.00011	2856	0.00008	895	0.00010	814	0.00010	2160	0.00011	1563	0.00011	2467	0.00017	1763	0.00014	1008	0.00010
Ignavibacteria	795747	C	690	0.00003	1306	0.00006	370	0.00002	996	0.00003	219	0.00002	254	0.00003	612	0.00003	558	0.00004	612	0.00004	515	0.00004	348	0.00003
Gemmatimonadetes	219685	C	349	0.00001	2283	0.00011	620	0.00003	827	0.00002	217	0.00002	158	0.00002	397	0.00002	177	0.00001	568	0.00004	484	0.00004	291	0.00003
Fibrobacteria	204430	C	417	0.00002	1424	0.00007	591	0.00003	648	0.00002	175	0.00002	140	0.00002	322	0.00002	629	0.00004	553	0.00004	495	0.00004	270	0.00003
Gammaproteobacteria	1236	C	141393	0.00573	387378	0.01788	169048	0.00788	241078	0.00706	59783	0.00681	59535	0.00701	143257	0.00699	100396	0.00676	593771	0.04009	111089	0.00859	97023	0.00956
Epsilonproteobacteria	29547	C	77894	0.00316	30627	0.00141	27176	0.00127	54445	0.00159	22160	0.00253	23049	0.00271	52102	0.00254	28011	0.00189	46414	0.00313	14486	0.00112	10031	0.00099
Deltaproteobacteria	28221	C	22709	0.00092	497859	0.02298	59018	0.00275	41802	0.00122	9571	0.00109	6737	0.00079	16426	0.00080	15100	0.00102	84588	0.00571	84285	0.00651	20751	0.00204
Alphaproteobacteria	28211	C	47150	0.00191	253133	0.01168	78170	0.00364	105155	0.00308	28318	0.00323	22253	0.00262	54026	0.00264	38564	0.00260	86257	0.00582	60183	0.00465	39076	0.00385
Betaproteobacteria	28216	C	33747	0.00137	164745	0.00760	62779	0.00293	78534	0.00230	18229	0.00208	13476	0.00159	32570	0.00159	25059	0.00169	59573	0.00402	38636	0.00299	29279	0.00288
Oligoflexia	1553900	C	1280	0.00005	1670	0.00008	648	0.00003	1376	0.00004	327	0.00004	417	0.00005	1008	0.00005	848	0.00006	841	0.00006	689	0.00005	439	0.00004
Acidithiobacillia	1807140	C	293	0.00001	1430	0.00007	416	0.00002	677	0.00002	144	0.00002	109	0.00001	281	0.00001	123	0.00001	428	0.00003	218	0.00002	215	0.00002
Zetaproteobacteria	580370	C	186	0.00001	686	0.00003	177	0.00001	366	0.00001	150	0.00002	59	0.00001	166	0.00001	353	0.00002	287	0.00002	155	0.00001	122	0.00001
Hydrogenophilalia	2008785	C	19	0.00000	976	0.00005	59	0.00000	28	0.00000	8	0.00000	23	0.00000	53	0.00000	19	0.00000	54	0.00000	18	0.00000	26	0.00000
Fusobacteriia	203490	C	10985	0.00045	11706	0.00054	4370	0.00020	11612	0.00034	3665	0.00042	3769	0.00044	9279	0.00045	8076	0.00054	7410	0.00050	6384	0.00049	4010	0.00040
Spirochaetia	203692	C	10472	0.00042	22409	0.00103	7144	0.00033	14260	0.00042	3782	0.00043	3747	0.00044	9179	0.00045	8787	0.00059	10005	0.00068	7998	0.00062	4804	0.00047
Verrucomicrobiae	203494	C	2861	0.00012	63926	0.00295	3672	0.00017	4539	0.00013	78108	0.00890	7015	0.00083	16681	0.00081	54496	0.00367	8911	0.00060	506994	0.03918	210399	0.02073
Opitutae	414999	C	518	0.00002	4154	0.00019	1021	0.00005	1191	0.00003	415	0.00005	216	0.00003	548	0.00003	424	0.00003	1005	0.00007	698	0.00005	494	0.00005
Methylacidiphilae	1955630	C	45	0.00000	174	0.00001	44	0.00000	36	0.00000	40	0.00000	26	0.00000	65	0.00000	127	0.00001	53	0.00000	60	0.00000	52	0.00001
Spartobacteria	134549	C	44	0.00000	114	0.00001	18	0.00000	44	0.00000	7	0.00000	19	0.00000	35	0.00000	43	0.00000	52	0.00000	18	0.00000	20	0.00000
Planctomycetia	203683	C	2303	0.00009	10697	0.00049	3196	0.00015	4088	0.00012	1100	0.00013	979	0.00012	2240	0.00011	1416	0.00010	3071	0.00021	2361	0.00018	1523	0.00015
Phycisphaerae	666505	C	516	0.00002	2256	0.00010	558	0.00003	1094	0.00003	272	0.00003	229	0.00003	580	0.00003	365	0.00002	731	0.00005	577	0.00004	462	0.00005
Candidatus Brocadiae	2517206	C	60	0.00000	206	0.00001	50	0.00000	88	0.00000	27	0.00000	39	0.00000	78	0.00000	101	0.00001	50	0.00000	142	0.00001	36	0.00000
Chlamydiia	204429	C	469	0.00002	1040	0.00005	345	0.00002	781	0.00002	157	0.00002	324	0.00004	803	0.00004	415	0.00003	561	0.00004	441	0.00003	244	0.00002
Kiritimatiellae	1921781	C	45	0.00000	1307	0.00006	303	0.00001	317	0.00001	95	0.00001	13	0.00000	86	0.00000	184	0.00001	197	0.00001	228	0.00002	132	0.00001
Thermotogae	188708	C	2628	0.00011	4417	0.00020	1293	0.00006	3208	0.00009	909	0.00010	1045	0.00012	2749	0.00013	2006	0.00014	2202	0.00015	1758	0.00014	1141	0.00011
Acidobacteriia	204432	C	1594	0.00006	7324	0.00034	2424	0.00011	3587	0.00011	904	0.00010	696	0.00008	1693	0.00008	1516	0.00010	2544	0.00017	1855	0.00014	1079	0.00011
Vicinamibacteria	1813735	C	165	0.00001	657	0.00003	348	0.00002	334	0.00001	62	0.00001	49	0.00001	112	0.00001	76	0.00001	275	0.00002	122	0.00001	119	0.00001
Blastocatellia	1562566	C	145	0.00001	459	0.00002	171	0.00001	168	0.00000	58	0.00001	55	0.00001	141	0.00001	48	0.00000	223	0.00002	110	0.00001	88	0.00001
Synergistia	649775	C	1292	0.00005	55772	0.00257	1751	0.00008	1952	0.00006	734	0.00008	683	0.00008	1643	0.00008	931	0.00006	1847	0.00012	2101	0.00016	1086	0.00011
Aquificae	187857	C	871	0.00004	1713	0.00008	443	0.00002	1050	0.00003	220	0.00003	342	0.00004	773	0.00004	791	0.00005	669	0.00005	1148	0.00009	404	0.00004
Deferribacteres	68337	C	792	0.00003	1642	0.00008	450	0.00002	1158	0.00003	335	0.00004	432	0.00005	1087	0.00005	800	0.00005	734	0.00005	674	0.00005	523	0.00005
Nitrospira	203693	C	701	0.00003	2493	0.00012	642	0.00003	1162	0.00003	383	0.00004	239	0.00003	499	0.00002	731	0.00005	807	0.00005	907	0.00007	436	0.00004
Endomicrobia	447830	C	350	0.00001	378	0.00002	119	0.00001	411	0.00001	104	0.00001	120	0.00001	326	0.00002	237	0.00002	209	0.00001	267	0.00002	117	0.00001
Elusimicrobia	641853	C	73	0.00000	230	0.00001	95	0.00000	222	0.00001	102	0.00001	62	0.00001	166	0.00001	46	0.00000	238	0.00002	128	0.00001	78	0.00001
Thermodesulfobacteria	67799	C	421	0.00002	1076	0.00005	305	0.00001	615	0.00002	121	0.00001	139	0.00002	370	0.00002	322	0.00002	458	0.00003	278	0.00002	245	0.00002
Dictyoglomia	203486	C	263	0.00001	264	0.00001	113	0.00001	309	0.00001	78	0.00001	118	0.00001	296	0.00001	166	0.00001	144	0.00001	193	0.00001	93	0.00001
Candidatus Saccharimonia	2093818	C	205	0.00001	274	0.00001	234	0.00001	123	0.00000	77	0.00001	49	0.00001	71	0.00000	138	0.00001	131	0.00001	179	0.00001	114	0.00001
Candidatus Babeliae	2497643	C	49	0.00000	102	0.00000	20	0.00000	47	0.00000	3	0.00000	14	0.00000	23	0.00000	89	0.00001	17	0.00000	14	0.00000	15	0.00000
Calditrichae	1962850	C	101	0.00000	399	0.00002	166	0.00001	178	0.00001	100	0.00001	65	0.00001	272	0.00001	151	0.00001	152	0.00001	106	0.00001	101	0.00001
Chrysiogenetes	118001	C	70	0.00000	758	0.00003	120	0.00001	157	0.00000	53	0.00001	16	0.00000	37	0.00000	52	0.00000	158	0.00001	87	0.00001	84	0.00001
Caldisericia	693071	C	32	0.00000	183	0.00001	41	0.00000	67	0.00000	24	0.00000	9	0.00000	28	0.00000	64	0.00000	131	0.00001	38	0.00000	28	0.00000
Coprothermobacteria	2138243	C	81	0.00000	347	0.00002	30	0.00000	54	0.00000	21	0.00000	10	0.00000	34	0.00000	32	0.00000	69	0.00000	39	0.00000	12	0.00000
Mammalia	40674	C	24156	0.00098	31877	0.00147	13597	0.00063	31289	0.00092	8650	0.00099	7383	0.00087	19686	0.00096	16498	0.00111	18127	0.00122	15888	0.00123	10491	0.00103
Methanomicrobia	224756	C	3133	0.00013	4633	0.00021	1963	0.00009	3525	0.00010	1273	0.00015	903	0.00011	2605	0.00013	2319	0.00016	2258	0.00015	1565	0.00012	1061	0.00010
Halobacteria	183963	C	1037	0.00004	7889	0.00036	2832	0.00013	3425	0.00010	938	0.00011	542	0.00006	1524	0.00007	795	0.00005	2687	0.00018	1657	0.00013	1103	0.00011
Methanobacteria	183925	C	1147	0.00005	1101367	0.05083	600	0.00003	1593	0.00005	473	0.00005	548	0.00006	1310	0.00006	1040	0.00007	793	0.00005	447301	0.03457	65893	0.00649
Methanococci	183939	C	630	0.00003	963	0.00004	336	0.00002	856	0.00003	302	0.00003	296	0.00003	726	0.00004	586	0.00004	633	0.00004	428	0.00003	311	0.00003
Thermococci	183968	C	560	0.00002	1733	0.00008	730	0.00003	837	0.00002	202	0.00002	344	0.00004	781	0.00004	512	0.00003	743	0.00005	683	0.00005	359	0.00004
Thermoplasmata	183967	C	307	0.00001	35390	0.00163	210	0.00001	689	0.00002	187	0.00002	134	0.00002	302	0.00001	267	0.00002	435	0.00003	348	0.00003	431	0.00004
Archaeoglobi	183980	C	307	0.00001	222	0.00001	121	0.00001	316	0.00001	43	0.00000	102	0.00001	252	0.00001	178	0.00001	245	0.00002	158	0.00001	72	0.00001
Methanopyri	183988	C	39	0.00000	52	0.00000	23	0.00000	19	0.00000	29	0.00000	12	0.00000	23	0.00000	64	0.00000	51	0.00000	7	0.00000	12	0.00000
Thermoprotei	183924	C	802	0.00003	1439	0.00007	595	0.00003	1196	0.00004	325	0.00004	363	0.00004	785	0.00004	681	0.00005	805	0.00005	614	0.00005	412	0.00004
Nitrososphaeria	1643678	C	177	0.00001	682	0.00003	78	0.00000	232	0.00001	53	0.00001	69	0.00001	198	0.00001	129	0.00001	95	0.00001	192	0.00001	75	0.00001
Caudoviricetes	2731619	C	16894	0.00068	9146	0.00042	22163	0.00103	115831	0.00339	31324	0.00357	1716	0.00020	4176	0.00020	2769	0.00019	12644	0.00085	254732	0.01969	8823	0.00087
Herviviricetes	2731363	C	27	0.00000	128	0.00001	24	0.00000	34	0.00000	3	0.00000	4	0.00000	21	0.00000	8	0.00000	13	0.00000	7	0.00000	14	0.00000
Alsuviricetes	2732461	C	45	0.00000	32	0.00000	17	0.00000	64	0.00000	8	0.00000	4	0.00000	14	0.00000	32	0.00000	20	0.00000	9	0.00000	6	0.00000
Flasuviricetes	2732462	C	5	0.00000	8	0.00000	2	0.00000	8	0.00000	2	0.00000	5	0.00000	5	0.00000	0	0.00000	14	0.00000	2	0.00000	4	0.00000
Ellioviricetes	2497576	C	10	0.00000	24	0.00000	8	0.00000	8	0.00000	0	0.00000	1	0.00000	3	0.00000	9	0.00000	3	0.00000	8	0.00000	2	0.00000
Monjiviricetes	2497574	C	6	0.00000	3	0.00000	14	0.00000	6	0.00000	2	0.00000	5	0.00000	10	0.00000	1	0.00000	2	0.00000	5	0.00000	0	0.00000
Pisoniviricetes	2732506	C	17	0.00000	49	0.00000	0	0.00000	129	0.00000	9	0.00000	3	0.00000	7	0.00000	78	0.00001	9	0.00000	8	0.00000	3	0.00000
Revtraviricetes	2732514	C	14	0.00000	0	0.00000	0	0.00000	1	0.00000	29	0.00000	5	0.00000	5	0.00000	0	0.00000	56	0.00000	68	0.00001	55	0.00001
Megaviricetes	2732523	C	58	0.00000	168	0.00001	65	0.00000	147	0.00000	25	0.00000	41	0.00000	120	0.00001	49	0.00000	66	0.00000	86	0.00001	35	0.00000
Pokkesviricetes	2732525	C	31	0.00000	61	0.00000	16	0.00000	32	0.00000	10	0.00000	20	0.00000	36	0.00000	33	0.00000	64	0.00000	26	0.00000	10	0.00000
Tectiliviricetes	2732529	C	4	0.00000	38	0.00000	4	0.00000	18	0.00000	11	0.00000	0	0.00000	1	0.00000	2	0.00000	14	0.00000	4	0.00000	7	0.00000
Malgrandaviricetes	2732413	C	39	0.00000	161	0.00001	13	0.00000	11	0.00000	0	0.00000	0	0.00000	0	0.00000	12	0.00000	20	0.00000	108	0.00001	6	0.00000
Papovaviricetes	2732421	C	10	0.00000	13	0.00000	2	0.00000	5	0.00000	3	0.00000	9	0.00000	22	0.00000	9	0.00000	7	0.00000	1	0.00000	2	0.00000
Quintoviricetes	2732422	C	77	0.00000	2	0.00000	0	0.00000	0	0.00000	0	0.00000	0	0.00000	0	0.00000	2	0.00000	0	0.00000	0	0.00000	4	0.00000
Laserviricetes	2732010	C	0	0.00000	1	0.00000	0	0.00000	0	0.00000	0	0.00000	0	0.00000	0	0.00000	0	0.00000	0	0.00000	0	0.00000	1	0.00000
Repensiviricetes	2732424	C	0	0.00000	4	0.00000	19	0.00000	2	0.00000	9	0.00000	25	0.00000	10	0.00000	0	0.00000	4	0.00000	0	0.00000	0	0.00000
Arfiviricetes	2732423	C	0	0.00000	1	0.00000	0	0.00000	2	0.00000	1	0.00000	0	0.00000	53	0.00000	1	0.00000	1	0.00000	2	0.00000	0	0.00000
Stelpaviricetes	2732507	C	0	0.00000	10	0.00000	41	0.00000	5	0.00000	0	0.00000	3	0.00000	3	0.00000	0	0.00000	1	0.00000	8	0.00000	0	0.00000
Duplopiviricetes	2732505	C	0	0.00000	1	0.00000	0	0.00000	0	0.00000	0	0.00000	0	0.00000	0	0.00000	0	0.00000	0	0.00000	0	0.00000	1	0.00000
Chunqiuviricetes	2497572	C	0	0.00000	1	0.00000	0	0.00000	0	0.00000	0	0.00000	0	0.00000	0	0.00000	0	0.00000	0	0.00000	0	0.00000	0	0.00000
Resentoviricetes	2732459	C	0	0.00000	19	0.00000	0	0.00000	0	0.00000	0	0.00000	0	0.00000	0	0.00000	0	0.00000	5	0.00000	0	0.00000	1	0.00000
Chrymotiviricetes	2732458	C	0	0.00000	1	0.00000	0	0.00000	0	0.00000	0	0.00000	0	0.00000	0	0.00000	0	0.00000	14	0.00000	0	0.00000	2	0.00000
Amabiliviricetes	2732498	C	0	0.00000	232	0.00001	0	0.00000	0	0.00000	0	0.00000	0	0.00000	0	0.00000	0	0.00000	0	0.00000	0	0.00000	0	0.00000
Maveriviricetes	2732528	C	0	0.00000	0	0.00000	2	0.00000	107	0.00000	0	0.00000	0	0.00000	0	0.00000	2	0.00000	0	0.00000	0	0.00000	1	0.00000
Milneviricetes	2497573	C	0	0.00000	0	0.00000	1	0.00000	0	0.00000	2	0.00000	2	0.00000	6	0.00000	0	0.00000	6	0.00000	0	0.00000	2	0.00000
Tolucaviricetes	2732463	C	0	0.00000	0	0.00000	4	0.00000	0	0.00000	0	0.00000	0	0.00000	0	0.00000	3	0.00000	0	0.00000	0	0.00000	2	0.00000
Howeltoviricetes	2732499	C	0	0.00000	0	0.00000	0	0.00000	39	0.00000	0	0.00000	0	0.00000	19	0.00000	0	0.00000	0	0.00000	0	0.00000	7	0.00000
Insthoviricetes	2497577	C	0	0.00000	0	0.00000	0	0.00000	0	0.00000	0	0.00000	0	0.00000	0	0.00000	1	0.00000	0	0.00000	0	0.00000	0	0.00000
Faserviricetes	2732411	C	0	0.00000	0	0.00000	0	0.00000	0	0.00000	0	0.00000	0	0.00000	0	0.00000	0	0.00000	41	0.00000	6	0.00000	0	0.00000
